10024|2833
14221|25864
10004|10418
11901|1741
10469|3458
11722|1885
11436|1221
10038|4049
11419|3598
10522|653
10304|2525
11715|230
14618|1216
10029|2864
11369|1914
10036|6485
10973|93
11501|2332
10040|1493
10705|1855
10310|1240
12859|47
07083|94
11226|5507
11713|617
11789|284
11363|424
10301|2057
10002|4514
11207|4919
11236|5520
12943|23
11233|4168
10306|3060
10005|18308
12204|4453
12207|89135
11203|4583
11235|11540
11423|2224
12780|76
11215|4261
11959|167
14437|177
14604|1081
12520|135
14611|554
14624|1378
95833|1790
11741|1355
10028|2367
10314|4645
10462|3860
11230|9981
11570|2601
11373|4322
12306|812
12308|522
11779|2439
11412|2509
11418|2628
11704|2231
10468|2496
11520|3697
10022|7199
11552|1906
14120|1102
13492|242
12534|1053
11703|1083
12538|437
10927|450
11229|8672
12210|4725
11576|1792
11746|4831
11445|1
10583|2833
14217|733
14208|488
11358|3033
10541|1382
10550|3111
10463|2830
11710|2491
11411|1324
10009|2474
11803|2279
11217|2909
10804|978
11209|4888
10598|1328
11709|365
11967|1306
10303|1417
10032|2079
10467|3940
13021|866
11212|3647
12779|127
10017|5883
10701|3624
13029|243
34984|2
12866|2516
11801|4382
10805|769
12041|14
11221|4891
10473|2119
11239|616
11542|2102
13069|371
14228|851
14227|472
11219|10951
11225|3885
10027|2970
11797|1966
13202|918
11228|7031
12065|1826
11238|4128
14586|384
11530|4038
11211|9624
11042|1364
11575|1172
10011|4749
10031|2340
10982|162
11213|4435
10023|3617
14204|432
11434|4144
14613|413
10018|6587
14215|1983
11772|2394
11766|727
14617|685
10452|2529
14620|715
14220|498
14207|812
14450|1284
11572|1787
10035|1699
11374|3651
12550|2978
11232|2149
14830|482
11237|2911
11210|5333
13778|115
13501|951
11787|2205
10012|2509
10457|2778
11368|4491
14301|434
11727|1243
10302|1204
14213|851
10552|1273
11433|1952
10003|9500
10001|8520
13204|667
10466|3295
11413|3007
12206|1918
11208|4569
12203|2213
12260|4241
10455|1569
11206|5465
10025|3343
14423|88
10901|2526
10312|2766
12508|1039
12601|2121
12010|787
10801|2944
10538|1349
10528|2892
11218|6447
11558|512
11949|631
10710|1948
11385|5139
10707|567
11791|3009
11780|996
11937|1994
11432|4569
10472|2224
14456|499
14222|676
14607|1224
11372|4047
11691|2399
10965|944
10039|1263
32304|1
12771|485
12205|5884
12303|911
10013|5648
11101|5333
10471|963
11550|3626
10305|2393
10952|8933
10021|2398
11706|3485
11001|2240
10560|290
10706|431
10580|1154
10174|155
10171|138
14214|715
15101|4
11730|1362
11590|3667
14625|568
10579|425
12524|715
10033|2071
12047|783
10977|6800
11222|3878
11716|1110
12309|1082
11249|4024
11234|7104
95008|8
11932|400
12209|397
14883|91
12180|1951
11971|376
10454|1404
12814|97
14612|940
11708|3
10309|2153
11777|655
10520|732
12561|742
12159|359
10601|1712
11769|443
14471|61
11717|2536
14580|1907
14502|255
12110|1433
10019|6482
11565|430
11204|8580
14075|1161
11416|1558
12733|73
12553|1326
14094|1200
94111|41
11103|3134
11355|8048
10567|868
11220|6177
11105|2801
10458|2845
11231|2737
12077|212
11104|1461
11214|7335
10475|1405
10465|1912
10510|666
11109|401
60606|54
10960|1122
10562|1496
14850|1918
10170|355
10956|2514
11559|1730
10453|2675
11415|1308
12850|96
14615|567
06450|11
11224|2960
10512|1038
11790|653
13078|345
11422|2271
11577|1617
10970|1087
10456|2836
11377|4604
11417|1608
10950|5713
14534|1876
11729|2196
10014|2795
11216|4410
14305|403
11201|6344
11439|6
11004|893
14201|510
14218|579
11556|471
14086|907
11379|1708
10451|2236
10459|1737
12701|757
14068|298
13203|515
12526|202
10606|1605
10553|818
11050|2339
10940|2925
11557|1404
13850|651
11435|3417
10470|858
11021|5706
10065|2021
11968|1485
10169|257
11354|9353
08759|6
10168|3307
11510|2847
10954|1741
11782|782
10460|2220
11366|1602
12590|1518
10010|3308
11778|596
13417|73
10573|2033
12201|854
11024|1172
11581|2473
11771|874
11743|3722
11553|1796
14420|461
11934|545
14467|254
11788|1937
11726|1262
11735|2810
10918|854
10006|1280
13159|148
11965|137
10128|2811
18411|8
11747|4101
12549|527
11106|2603
07652|99
12054|570
11362|1190
10075|1211
11720|1311
11753|2754
08850|9
12603|1780
10990|1114
11223|8352
11946|1427
11003|3342
12602|74
11420|2965
13112|38
12747|89
11757|2475
33913|6
11566|2212
11758|2920
12144|723
10461|2936
10803|938
12754|352
11692|899
11364|1830
10111|211
11725|1821
11102|2542
11798|1040
12721|389
11768|1309
11020|648
11598|1845
10504|747
11941|144
11243|27
11030|2046
11580|4419
12428|286
11545|1241
23061|1
11978|467
14150|1084
11375|5369
10518|79
11205|5319
11367|2893
10007|2384
10926|291
14544|41
01843|2
11040|3559
10507|341
12845|316
12211|758
14203|670
10570|758
08852|97
12571|422
10591|1286
11972|94
33037|5
11756|1986
10566|1224
07746|53
11977|207
12305|710
12020|1214
11370|1524
11792|435
10916|265
11560|569
11518|623
12831|497
11976|462
11554|2368
12078|485
14626|1046
11701|1909
10037|1131
10509|1052
10176|147
10280|479
11694|798
11426|1347
10704|2365
11579|349
11702|1022
18853|2
10523|854
11421|1690
12208|725
14621|828
12202|497
11954|472
11942|423
12545|262
11514|719
14564|748
11738|846
11365|3267
07724|48
12567|124
10604|966
10980|720
11718|191
14616|626
13104|662
14623|1230
13207|332
13039|484
13031|419
11969|224
11378|2413
11516|2180
07040|54
13208|594
10549|1067
13088|668
13212|495
10605|1081
33019|18
11241|137
11561|2168
13476|92
10016|7813
11721|335
91316|9
11357|2627
07645|119
10104|20
07036|51
13218|28
11596|735
12246|3
77046|6
10703|1033
14428|199
12589|565
10603|1056
12542|285
07871|27
06830|248
13092|37
12411|22
12833|168
21703|3
13036|203
11414|1357
11764|597
10924|789
11739|97
10543|1336
10930|685
11751|728
11023|1610
12740|64
12459|12
12804|816
11714|1434
12061|599
14526|616
45244|2
10949|267
08401|8
12528|563
11784|1164
12443|134
12578|120
11754|790
10516|368
08724|16
12993|59
10595|345
10158|172
13334|29
14127|1145
14610|705
08817|70
90272|14
14559|595
10928|163
10962|355
11795|1146
12572|657
06751|4
10020|674
10923|368
11563|1517
11732|238
12168|45
11962|111
12118|425
08701|578
07601|214
14224|1081
12746|54
13090|692
13339|135
14216|913
10119|267
10524|246
13797|27
11096|721
12186|209
11731|1439
10607|729
11952|387
11963|904
10106|209
14416|102
13856|134
13027|758
10546|115
11776|1170
10163|145
13827|265
19904|58
13037|226
12785|33
14454|165
13815|218
07442|9
08872|26
13206|745
13403|129
10530|729
07302|172
14692|93
11361|2374
14787|119
95661|10
07009|21
07024|209
12566|467
10917|268
12414|461
14062|65
92037|25
13073|102
10536|751
07631|134
10175|87
10708|1198
12953|200
11360|1057
11763|1525
14059|342
11356|2100
14468|495
12053|115
14102|30
14489|132
14867|117
07430|111
07423|10
11010|1621
14092|325
07644|27
14211|1119
10588|144
10053|2
07058|41
08527|153
14608|505
14614|509
10576|345
14219|264
98008|6
08048|6
13057|632
14845|638
13601|947
14814|50
14903|185
07632|226
12477|818
30288|1
13214|443
12810|16
07112|13
12783|93
13357|131
13205|436
14514|162
11762|900
11783|1013
10150|128
12569|399
11786|283
13820|435
11930|313
11724|303
80303|10
14020|448
14609|1309
14750|141
07446|82
10110|166
14223|611
13685|78
13624|170
12946|358
10511|185
11933|341
12442|103
14547|3
11960|186
14519|355
12057|60
13760|847
12586|541
14004|239
10992|374
10474|784
11804|268
07751|68
11507|720
12844|18
28205|7
14033|96
10594|421
07661|22
10958|193
14132|134
12944|86
95811|6
90024|48
12834|214
10030|1483
08543|9
11569|102
12401|1749
29466|4
02831|2
12789|135
13901|793
12138|81
11793|1599
02129|11
12090|138
19963|5
33322|15
10987|214
13902|146
43311|2
10976|60
11970|14
13209|321
46241|1
76034|5
19901|492
07660|49
10577|499
94010|24
10008|85
11429|1660
34228|3
11693|524
14840|106
06880|102
11733|1219
13490|45
14225|1044
11519|5
07307|53
13790|420
13502|798
12472|87
11951|608
14206|744
07624|55
07650|55
05641|4
14304|763
80108|6
12084|213
11755|606
13905|619
13350|200
12402|105
13066|721
12758|216
11964|152
10464|286
10069|514
12547|181
11802|141
11697|108
11548|334
80863|3
14031|502
07032|51
10983|266
14051|837
12027|165
14760|456
10156|45
06897|62
06902|162
13146|36
34134|10
12009|298
07840|9
10026|2036
13201|27
12533|1173
10709|702
13101|56
12043|154
13219|414
12250|19
12409|94
13440|703
11316|1
13042|50
10282|256
11428|1431
07410|84
12531|148
10308|1231
11749|521
07495|38
13903|384
10101|57
12302|626
44511|3
10913|301
02886|8
80206|16
12404|237
13413|575
07945|13
14810|165
13126|563
34996|9
33154|31
10590|357
34287|4
12551|54
11509|235
10548|144
14081|58
14425|298
13679|35
10984|137
80963|1
07047|141
34201|146
07932|72
23059|2
07716|10
14445|267
14226|1483
13045|581
12067|57
10933|13
14202|1407
14072|820
14141|189
12035|14
12464|63
12518|288
13210|591
12822|114
03105|7
33308|20
12480|34
12032|52
10165|374
11256|2
12430|82
08551|2
14052|717
12901|685
11935|227
08520|22
07723|18
12564|410
13838|89
08250|2
08882|14
07005|30
12768|49
12496|169
11427|1295
10589|363
76001|1
11980|291
14043|605
08859|26
10166|130
19330|5
19428|20
12470|27
11752|450
13215|407
19341|10
10981|35
06870|22
33133|13
08857|62
05402|15
14380|1
10964|81
10989|409
12083|106
12565|50
06820|69
98332|3
12582|178
12189|606
11242|174
14170|87
19006|13
12484|171
32626|1
07721|4
11953|597
10533|428
34211|9
07474|7
02135|9
10279|247
12583|102
06831|108
06032|10
12466|71
10281|179
33139|72
12522|183
14111|76
19805|296
14873|44
07756|4
12451|64
07305|78
13605|79
14209|374
14527|331
07003|43
11425|5
10907|5
13041|310
87144|1
11931|114
14006|167
12775|172
11940|306
07666|167
10702|49
07605|29
12304|665
70170|5
13456|81
07052|90
12816|175
89646|1
08831|51
11568|574
30076|11
14870|151
94110|19
10994|504
07018|36
13607|94
12832|137
11975|146
10941|728
11767|701
14569|136
10123|259
12417|11
60654|33
12865|87
12836|38
05478|5
07712|76
12435|22
91321|71
10034|1665
44122|10
13035|306
97008|18
06850|33
30046|4
12986|151
12788|172
45202|19
02459|13
07020|87
07452|32
06117|7
12883|116
11742|637
12438|15
13326|243
19085|5
13625|38
10974|140
12019|443
19801|309
66221|2
06840|56
06770|10
10920|465
14901|316
12458|62
11796|157
12919|80
02630|3
11002|60
33418|31
12108|12
07078|44
10307|792
85248|2
11950|781
10155|100
07732|5
12801|589
07030|181
07310|69
14424|847
14103|206
32937|5
19352|2
13081|34
13030|93
13504|29
07069|17
12912|61
13211|176
22310|2
12543|81
10177|62
20009|22
10914|47
07711|7
23517|1
10506|428
12853|55
11947|66
08628|12
08102|6
08101|3
13152|505
12473|40
07670|76
11944|309
10532|421
14622|314
12175|21
12503|35
33180|38
14032|387
14727|98
08755|65
28806|3
07114|17
07747|75
14619|499
11424|6
05673|1
07104|59
12140|52
07826|7
07726|75
82801|83
07458|62
10968|147
12212|131
14513|234
13613|25
77407|4
07675|72
13157|17
13032|245
29928|2
14904|228
14852|61
12516|65
13224|288
75033|15
98115|8
12095|276
10271|87
08816|89
14805|25
08050|7
18833|1
12790|184
10975|27
14602|14
13904|197
10931|69
12182|331
12581|100
13421|249
11705|501
14085|193
07626|40
33018|3
10502|468
12485|115
14210|452
08828|1
33319|8
11240|3
|50
11134|1
33483|16
02110|107
11019|4
10426|5
12440|112
92592|5
03842|2
10116|100
33496|37
14139|59
17327|6
12076|56
13156|50
12148|185
06905|80
89134|16
10925|255
10547|421
07853|10
06903|45
13324|39
13416|57
11740|485
01373|1
07012|41
33433|33
13338|22
14021|29
14606|847
21060|4
07856|4
07507|5
22902|7
13309|99
12413|134
11948|66
13323|261
30339|30
13488|7
33131|146
14048|194
33480|49
12184|193
22101|11
07456|15
18445|1
20003|8
13783|84
06853|11
12556|3
31411|6
14172|79
14472|308
13407|70
12188|274
14174|164
12051|100
12156|24
12158|177
03580|1
12763|102
32828|2
07653|3
14702|40
10146|2
89119|72
10596|49
89502|15
07042|68
12059|39
12167|83
90212|122
08103|1
13776|21
52162|8
48025|10
14603|46
12418|24
33326|11
13077|157
12150|22
14905|165
60622|11
12056|67
14886|225
14025|81
13320|65
08871|7
12983|240
14851|64
07206|17
12525|222
10272|44
12742|28
07093|90
14030|51
13731|63
10526|109
08068|2
05446|32
33928|5
13441|18
08054|13
12491|108
06611|24
08854|46
10050|3
82001|99
13849|64
12828|166
07450|81
11961|466
07620|24
12570|219
77056|25
90401|28
12936|34
14561|84
10178|80
07039|79
12449|113
11958|71
07079|34
11582|376
78746|14
12803|191
12495|35
11547|89
03801|8
29142|1
10122|124
11939|86
13063|38
18015|4
34221|4
14001|291
07043|36
34473|1
10514|674
34787|31
80831|2
07740|37
48080|1
33327|7
07748|34
07055|55
08818|4
14414|199
90036|23
07648|25
07457|9
10540|13
14823|48
06606|21
12481|57
12563|273
91403|28
12198|216
13317|102
12723|195
10959|6
06807|29
05340|3
07046|12
07401|33
14485|103
13753|190
10979|7
13619|173
10151|121
10921|226
12817|71
94061|3
10969|93
13743|49
12070|22
64113|1
12143|113
12431|63
19115|4
33473|6
12493|30
18042|11
23117|1
07090|48
94123|11
13612|47
14772|56
14506|53
01742|9
28717|3
12584|45
07733|82
14108|103
11956|18
07105|51
07076|24
13802|33
84098|19
12068|71
07463|16
19103|67
27545|4
14464|115
07002|102
10078|1
05161|1
12720|23
13148|192
02035|3
10185|42
81435|4
01346|2
12307|256
85048|3
77098|8
95473|2
13089|34
12164|38
14701|672
14507|24
06878|31
30326|25
13132|70
12824|43
07506|35
48317|3
18435|3
12075|166
33966|5
12468|73
10118|245
06039|15
12153|31
19807|54
29456|3
13316|112
12439|34
14080|117
14240|65
13478|47
12037|189
06757|2
30340|6
29617|3
10602|75
10963|116
07722|43
12846|69
12122|96
11247|35
39759|2
12592|43
07014|18
33160|41
87111|1
10597|62
98104|26
12501|112
27521|2
01810|11
13116|77
75234|6
07836|11
33431|38
27519|7
12136|55
07102|85
10153|63
33460|3
14212|436
10535|73
14712|65
12737|86
07901|107
05672|5
07010|57
12483|18
12165|34
12106|108
07950|21
08540|116
08723|9
51262|1
12087|31
14510|86
13052|41
14009|90
18020|6
07731|36
13439|92
04642|1
21212|4
06883|26
10117|3
14521|53
33458|29
08736|31
34288|2
07087|85
14231|48
77096|9
34744|8
76310|1
12147|31
13621|9
11032|3
10993|225
33441|8
12540|389
96145|1
34761|4
05403|7
33137|38
12529|186
13808|38
07066|11
07470|54
32963|17
33410|48
14589|182
81611|12
06473|11
11955|171
12827|101
78731|15
11260|33
12726|58
48188|6
12498|376
08873|56
33140|51
19454|8
07004|67
34114|7
33063|11
20006|23
11508|2
13340|131
33021|24
14605|294
12514|151
06510|24
92600|1
08820|61
12546|183
13114|100
12777|64
11521|1
07065|28
07607|19
94121|5
89107|15
33040|9
13795|65
13135|154
06037|5
33462|5
07068|103
12751|67
06443|5
34292|3
14532|75
33477|27
18343|5
12521|88
07503|15
07676|10
12015|119
06437|10
33328|9
73049|4
06518|10
28104|6
11957|69
07646|21
10274|7
12764|130
10998|115
07647|20
12018|224
12594|128
92101|22
12157|103
23454|7
07621|43
04112|10
34987|3
06084|4
07057|17
12786|48
14302|39
10986|78
10120|64
34236|22
19034|6
12474|64
90042|8
13662|190
08611|5
12755|2
13160|37
14126|9
10105|133
12776|112
11431|47
32966|1
40245|4
07072|41
10762|1
12086|60
12928|44
13060|50
34242|6
48071|4
90402|6
33334|5
08550|20
06877|99
33156|20
07849|6
01886|4
33161|11
06470|28
13732|160
87506|1
91789|13
07701|38
13782|34
11765|76
07876|18
13676|272
14303|224
07924|10
14733|70
60601|28
14095|29
37217|6
08801|6
08331|2
12871|142
07226|1
00907|13
08810|6
14591|40
30309|17
10527|29
32250|11
13346|119
32792|7
12033|230
13155|10
12847|34
33434|22
07201|36
11551|36
06066|2
33837|1
14543|97
12181|46
12887|102
10152|90
33134|59
10586|1
14892|110
33004|7
08751|2
08884|11
21136|3
11571|55
65737|1
21208|17
06851|49
14042|79
20814|30
10154|58
10501|68
30096|211
21215|11
14012|43
10044|350
14035|3
29464|9
33487|36
14882|124
12022|25
10107|71
12183|101
07764|25
14057|194
13452|66
12580|138
13053|87
34103|11
07416|3
14722|17
14546|150
33437|8
33401|30
01034|1
08876|24
29579|4
33239|2
23514|2
12839|235
97205|6
87508|2
33432|43
14548|82
13144|18
19047|25
32174|12
11925|4
12017|38
07753|25
14482|186
18510|4
75701|1
18431|12
33971|2
60610|11
14047|147
01832|1
05401|16
08886|3
14477|44
21012|2
11202|139
38103|2
33810|2
11300|2
80209|4
06811|54
07070|92
28027|3
12759|92
34683|11
11770|42
12719|58
14136|88
20190|11
60504|4
20148|9
07011|28
90067|153
12749|19
11386|35
18104|13
11270|1
07054|47
90068|7
33446|45
13080|74
11022|51
13365|206
01258|4
98112|2
12124|23
13164|77
18504|3
08518|3
12072|63
12230|7
11437|10
07628|42
19977|6
80222|2
13118|119
14817|75
14563|6
89501|3
33626|14
12820|16
12469|31
13367|129
97303|3
11773|7
68008|1
10802|37
13754|67
94402|8
44118|4
19148|4
13076|52
11719|222
07928|15
02907|3
33486|3
14063|254
14105|95
13460|95
92008|6
07407|35
22206|6
77433|5
10542|14
33702|14
19810|19
12748|108
13865|130
13746|43
91770|1
28270|8
08837|63
92117|3
07728|74
21093|10
07662|28
13354|58
11430|51
14512|164
13752|27
34983|3
12575|119
12732|35
14843|178
33027|14
14516|29
22207|8
76102|5
33312|8
01337|3
13420|121
33304|11
21045|12
19958|91
12461|80
12577|101
02919|3
14710|56
75287|3
89701|6
16933|2
14487|131
14171|38
46634|2
67206|4
13637|85
32757|1
10313|13
12762|41
89169|7
14130|5
14572|115
13332|47
97233|3
34110|13
12123|142
08525|7
14481|29
12918|45
07304|67
13108|162
06906|40
12760|20
13617|161
19526|3
13363|39
12791|44
33132|22
14706|91
30135|4
10129|7
33935|2
13473|13
13145|37
11005|41
14807|47
14530|98
21403|6
13642|112
07028|18
01254|1
10932|15
33181|10
15215|2
92057|3
14634|1
75225|15
10740|3
81612|7
01930|5
08732|1
07405|27
12093|51
07640|19
10103|15
19606|3
00919|2
11506|3
11906|2
28173|3
30603|2
14522|189
12125|52
94108|15
14590|101
13165|176
32961|1
14865|61
14262|2
12962|88
08094|4
07657|32
22309|5
92607|1
12842|24
13302|21
12231|72
06824|58
12050|4
60661|15
08055|11
20090|4
29910|13
06050|1
07202|14
33076|25
12028|31
12465|13
97213|3
29439|1
11474|3
12407|12
02458|8
10578|38
12117|68
20910|14
10592|5
94306|23
06482|5
92127|7
32967|6
78737|4
14818|59
07080|42
02421|11
93101|11
22903|8
02584|2
91342|4
12085|11
89193|9
12406|24
18428|30
60521|4
06512|7
44718|4
12527|19
12752|15
12463|48
93065|4
07436|15
12532|1
19808|160
08904|20
33186|5
45227|2
77354|3
10919|72
12240|2
07467|4
12337|1
11499|1
12197|48
33141|30
02170|2
13761|20
13740|55
33946|2
30214|4
11618|3
12137|47
10173|20
01581|20
31808|1
33706|18
13328|24
33138|7
07627|22
92013|2
33602|20
12154|85
43110|3
28311|1
18347|3
12045|31
20817|14
06371|5
18013|4
12116|30
32195|1
08060|6
14411|183
12487|118
34698|8
91320|1
13166|127
12074|136
13461|66
04079|1
93536|2
13851|26
28105|14
07417|44
21044|3
94303|5
07095|40
23322|3
31561|1
07333|1
20010|4
33647|6
12423|38
12537|8
60187|5
33330|7
06357|4
21209|16
82609|11
07073|52
75248|10
60585|5
89014|8
13700|1
77027|11
22646|2
10537|116
12494|25
37069|1
76021|3
02914|4
14895|188
33976|2
11266|2
07092|9
07480|13
13360|31
80218|4
32952|2
98045|2
78641|3
08867|3
75070|12
90014|8
02136|4
94610|6
11707|10
06460|28
91367|50
30017|3
12094|48
12421|27
19934|22
07022|17
07730|16
14167|41
30290|2
14432|97
24502|2
01002|3
14748|4
03060|8
07760|9
32951|5
12134|82
12743|17
13775|55
12420|14
06896|14
80232|1
11936|3
19702|24
06019|9
29073|1
75078|2
33912|5
13040|54
33301|47
33414|31
33511|5
12024|5
03049|1
07008|36
31558|7
13495|61
12446|238
66219|6
12966|28
91356|8
02482|8
10957|2
11564|4
44023|8
14470|141
93446|1
90049|30
02067|1
91607|10
06455|3
34715|1
08003|14
33598|1
98075|4
12486|56
12979|28
07026|33
58503|1
80304|11
07403|13
14505|99
11267|1
07762|8
08691|13
08753|26
20850|40
78247|2
34145|5
93111|2
07306|130
23226|4
07086|47
18201|4
43085|6
68144|5
11011|12
34786|13
12781|3
75219|12
06023|1
07630|11
94070|6
34747|14
11745|8
13142|170
12149|35
33069|3
01035|1
98072|2
12885|122
94114|19
91024|1
13140|54
76011|2
13618|58
30327|7
14642|5
18332|2
98503|2
33404|5
91007|3
00738|2
77057|9
20158|1
10167|70
92656|16
01236|4
13408|51
90094|2
13813|13
73120|2
38654|3
14739|33
04043|1
29204|1
90211|32
18966|18
06376|1
14838|33
34108|9
14871|74
11027|9
13303|22
95112|4
14743|21
12957|19
13739|35
06051|4
13691|63
33967|2
14806|44
14469|155
75208|3
95814|26
02109|65
07103|25
13034|36
13068|129
13807|25
80301|10
33408|30
12452|11
29941|1
27614|4
14747|33
13673|48
15642|1
13669|209
14539|3
28202|9
14131|93
06810|77
07081|16
21202|22
14813|34
60614|12
12058|50
77064|8
12878|16
07421|17
28388|1
07016|26
07094|51
07649|16
20759|4
20007|18
94105|32
60616|46
94115|15
32082|10
90254|12
28037|5
06013|6
13033|75
17050|3
78704|20
92116|8
13503|35
14891|142
57103|2
39831|1
76161|1
21206|3
14073|1
92618|20
12454|18
60611|19
12989|28
34997|5
13308|59
12121|55
13074|48
13120|50
32725|3
14551|106
14716|27
12131|7
41091|2
02453|11
12427|27
92130|20
13409|56
07677|23
20720|2
20723|2
07960|65
12523|51
14837|121
13220|40
08836|5
14568|135
30040|8
33314|15
92627|9
07203|24
07060|18
29681|1
15090|6
06825|16
14070|56
15143|6
11711|3
20005|24
90025|66
90291|18
07481|46
14036|97
33469|9
07603|13
44202|1
12517|20
40059|2
12410|30
33067|9
05495|11
33498|10
12192|45
16801|9
14885|15
13061|32
07111|41
13235|14
30328|17
07050|28
06612|103
88061|4
07059|26
11108|2
91006|5
13110|59
02138|52
78729|5
34209|5
32927|3
05458|1
08536|15
05262|3
19422|16
30005|12
07501|15
10985|9
10563|7
01201|21
19087|39
08833|6
08844|23
91406|2
07801|12
12841|8
34217|2
89103|10
07013|48
08088|4
13491|59
08902|38
06784|25
06095|7
30360|1
63141|8
10525|2
19106|14
48167|4
32163|7
13736|47
12115|12
12064|11
46706|1
07920|34
12434|26
12996|44
90077|3
90405|9
34655|6
07719|22
07828|6
07088|4
05830|1
01887|4
12433|27
34102|11
12196|74
08610|2
01095|4
12025|137
14129|26
02118|10
06525|7
02481|8
07734|6
80919|3
01740|2
06457|16
06812|25
75081|8
07108|20
89113|6
08108|6
90065|10
13745|8
12173|46
11583|2
12945|19
21037|3
20175|9
33472|4
13122|26
02139|20
98005|2
20001|35
33143|13
18355|1
13325|18
76006|2
90245|26
13687|15
33062|18
30082|4
19050|7
12060|69
78006|4
13431|39
14098|69
19067|9
37203|23
10162|54
60048|3
05761|2
94085|7
11630|2
13424|37
33445|9
13084|123
50312|1
98121|15
08502|9
02116|46
85259|2
15222|19
30126|3
21227|2
17601|19
27027|1
08002|30
08812|6
12972|111
19382|7
84121|11
14013|23
14427|21
43017|12
90016|4
13083|31
22079|4
01605|2
98102|6
13690|11
12069|5
08535|10
06901|51
14757|60
14478|41
12873|23
10997|6
07604|30
95121|2
13647|10
07977|1
12835|49
21211|5
07110|25
29651|3
10807|6
94301|22
92649|3
12301|32
60564|3
07432|25
32003|3
92595|1
33906|4
12460|11
12416|12
32301|10
14058|44
02420|6
91436|68
18704|17
11158|1
14737|63
22314|14
13796|28
88480|1
91748|14
11966|2
07882|6
29588|5
12852|13
12588|9
68154|6
02460|7
08901|28
87047|1
13364|5
28792|1
46204|17
14321|2
07860|18
16922|3
14538|9
80109|2
14841|39
06783|6
02889|1
14874|7
07869|13
14718|43
38137|2
07017|31
16983|1
22102|100
94709|1
12738|9
90035|13
34241|1
01230|25
20602|2
02026|8
94941|14
85215|2
34105|2
32824|4
14037|25
89521|6
15530|1
11121|2
15220|5
90048|23
70115|4
43212|17
58106|2
10988|27
12942|53
13622|52
20109|7
20854|9
94573|2
23464|6
10160|1
33436|11
07931|9
14091|26
10633|1
30354|3
33311|4
10946|2
34120|2
33071|12
08005|7
12808|14
33009|18
90066|21
44124|2
12766|20
32164|2
02356|5
90045|15
14731|87
55454|1
33146|9
10764|1
14461|5
13658|32
13661|40
02111|16
14463|3
28269|12
12502|63
94107|19
32819|18
43054|7
13414|1
05301|3
32836|5
10503|12
10545|9
21061|2
12792|24
08512|23
29576|6
11388|2
20815|13
19406|23
33315|10
12729|64
14755|40
16803|7
14858|24
18801|11
60301|2
17948|3
45241|2
27858|2
12441|15
23323|2
34689|7
13694|28
33634|4
94102|5
44107|9
13803|61
11588|1
57104|8
91423|19
90038|9
07641|8
14881|8
85255|12
32216|2
06031|6
05452|5
14067|88
08008|5
92660|32
12926|21
01844|3
18340|1
04101|44
13493|37
80021|5
14504|25
33129|17
80202|30
33179|13
91504|3
14205|12
23321|3
33162|10
16057|1
14138|23
12734|75
02554|7
94621|2
90403|19
07974|7
12985|21
13014|4
33701|10
90004|5
97216|1
12913|32
12034|2
12170|128
77379|11
12145|1
89012|6
12823|11
11026|5
32701|8
10922|35
18360|19
02030|8
12129|1
12436|26
07067|24
12492|13
05445|4
84092|4
37013|1
21117|14
94588|11
19802|8
90806|4
07757|4
38120|15
02090|5
14422|49
92122|2
03110|4
29091|1
14571|32
90210|46
19809|129
02184|3
13331|16
11306|6
19035|3
17013|3
10042|3
12029|55
12079|1
63132|11
02738|4
90058|8
08861|23
14435|53
21035|3
12185|43
02446|13
12325|20
80127|3
06702|1
12424|14
55126|4
80228|5
20002|10
12750|14
13312|11
06355|5
12270|3
37205|4
06385|4
07208|32
27605|2
11555|4
11799|1
39429|3
05941|1
19709|43
53590|2
91345|1
12513|42
13833|60
14533|46
32080|3
30110|1
13730|72
34952|2
BROOK|1
32746|7
14715|36
14026|78
07006|21
12132|12
10113|32
33411|23
13337|43
13830|76
04605|1
60642|7
06776|28
84025|3
44114|17
14125|54
70118|3
14541|46
13734|18
13825|53
05774|1
11395|4
07064|4
30346|5
02743|1
14525|47
11979|4
14151|10
20111|5
34272|3
13310|16
14140|9
45891|3
12870|73
13010|1
13812|27
11007|1
35805|1
76015|3
13082|98
07727|12
10519|41
32233|1
92624|2
90069|47
94122|3
29687|1
11522|2
98026|2
90703|7
01516|1
91604|24
12745|14
06801|24
30305|20
28117|7
77075|2
14110|10
10505|101
14082|14
98467|3
40205|1
13221|2
48101|2
13044|45
90277|3
03070|1
77067|2
07045|23
13064|18
92103|8
78763|2
33169|8
13117|7
10289|2
94526|4
10268|3
33609|10
08221|4
10402|1
13839|46
33606|8
18938|8
32958|2
90250|3
75126|1
33065|10
13217|20
11446|1
05149|1
27513|5
14717|11
91361|28
06320|5
43026|6
33484|9
01940|2
14770|51
37138|1
14069|19
06071|3
33478|4
23221|2
12456|9
12444|31
92663|6
31313|2
13028|17
02657|3
08830|61
91302|17
02915|3
07704|9
90230|12
43022|1
32257|2
28403|11
94062|5
90033|2
12992|72
34119|13
21047|5
22182|17
06074|4
10159|44
14555|33
08081|6
34711|5
23451|3
07082|7
06484|45
19102|14
07663|43
13442|21
14826|45
95070|5
28092|1
03251|3
14809|44
14847|72
11350|1
14821|49
12455|97
13137|1
14560|35
14719|51
12574|22
60514|3
06511|17
32223|3
13670|4
80126|3
19720|9
92867|2
13505|10
03076|2
03304|3
01085|5
60068|3
30308|14
05734|2
12457|55
13304|58
14097|1
60007|10
12980|14
10850|2
33957|2
01520|3
66211|11
13072|15
33687|1
93535|3
07702|13
14585|2
13648|26
85383|4
12585|36
12447|3
12128|13
14738|67
14101|30
27889|4
22030|14
37220|3
85392|1
07107|41
32162|3
10909|4
13654|22
18424|3
34957|4
17019|3
80223|8
80227|2
80111|25
91745|7
02891|5
98004|19
11069|2
94022|6
19602|1
13632|7
08757|4
13158|34
22066|6
10551|31
15015|1
10276|37
32127|6
11524|2
14802|36
59106|1
19464|5
06415|2
78258|5
20105|4
02151|2
11567|5
12981|26
07424|30
34229|3
15041|1
77005|3
33463|6
34714|3
34639|2
12921|42
19380|10
94027|5
12770|10
27511|7
10250|1
19460|6
19806|21
07922|17
33332|2
28204|6
94030|1
27616|7
80521|2
92024|14
77043|8
91791|10
08034|12
33064|11
11601|2
13131|81
94403|12
07508|14
26505|1
02360|9
19543|3
19545|1
13471|40
11255|5
18902|8
91401|2
12548|55
14724|50
13459|66
20124|2
14801|71
13153|11
02906|10
98095|1
12193|65
27882|1
30263|4
85374|1
05753|6
12066|47
28374|4
11408|1
76063|6
06109|10
13970|3
10517|44
97230|2
30303|7
97232|1
14736|41
90232|14
12862|2
13319|27
08619|13
12160|23
30316|16
13438|75
10045|2
13143|34
94901|3
12552|28
49503|46
12023|50
14779|64
33316|16
13477|21
11728|8
21040|2
53012|2
32095|2
90043|5
33415|4
14466|30
30127|5
07035|15
14515|7
18330|2
10971|1
02659|1
12798|1
14819|10
87505|13
11456|6
14784|19
12130|22
73071|1
13832|9
97294|1
11114|1
13147|30
29710|1
20784|2
14592|9
06798|12
20774|10
23504|2
72023|3
21043|5
14452|2
13485|18
89704|1
13656|42
NY|1
07643|17
64116|4
33412|8
19601|4
14056|16
12092|19
14825|15
30058|1
18840|23
07438|4
55128|2
13333|4
14536|11
90015|8
94568|5
29730|2
18301|15
19475|3
13733|91
12489|20
14517|49
03087|6
12784|14
60123|4
94703|3
83706|1
01803|7
48640|3
13801|13
98057|3
96161|3
12998|5
14812|64
11464|1
33127|13
90034|45
78520|1
27330|9
32789|18
06108|10
13603|55
78681|3
20852|17
44514|3
13646|38
06716|3
33612|3
24540|1
95864|2
13318|22
91752|1
13634|82
13777|11
13626|26
22033|4
08510|7
13864|16
33407|6
15131|1
19054|2
84720|4
32901|4
89129|4
05201|17
14055|19
11760|4
32905|6
28036|6
13226|1
14902|12
12997|45
27606|7
27320|1
04349|1
55402|11
83001|11
01867|1
19122|7
20115|1
60638|1
22315|5
10121|3
14767|36
11353|7
12462|1
37067|11
12843|24
14550|29
07524|9
53066|3
03857|4
13843|35
33467|9
60634|1
14173|6
11578|7
13860|2
63005|5
13636|6
08022|2
33409|8
11841|1
12860|19
12908|1
11382|2
18702|8
06516|19
12412|25
49315|1
33178|9
11651|2
07834|17
49418|10
78154|3
33068|2
14864|15
85142|3
21157|3
20657|2
24551|2
94104|45
78757|3
19446|12
19803|59
08043|6
91602|7
28273|6
14113|29
16925|9
02871|2
17741|1
33126|9
11532|3
99163|2
70116|3
70509|1
97404|1
11025|7
22304|2
60067|2
18054|2
32256|11
94544|5
20016|11
63110|3
02108|24
23430|2
32312|2
33607|13
94401|7
90503|10
64106|8
90046|29
92121|8
30075|7
89148|5
72204|2
19348|14
94597|4
15203|3
60148|10
20745|1
30067|5
20036|27
70062|2
32801|20
13402|26
20024|10
65807|1
03106|3
01550|2
14827|1
07962|22
43215|14
13489|12
14815|19
60435|2
06110|5
77328|1
13406|8
33629|8
01880|16
32826|2
10996|40
90071|12
90064|36
14040|52
63131|4
08609|5
13054|29
89448|4
17055|4
55442|2
02649|2
18940|20
90623|2
14855|8
48038|5
11443|2
14011|120
12169|12
37215|5
12917|11
01841|6
13006|1
14860|32
95030|5
43065|4
91879|1
17036|3
22303|3
68137|3
89135|14
13660|27
21804|2
20026|1
12765|17
91327|3
78717|17
33760|4
78758|4
12155|24
89117|11
18336|14
75244|7
90670|7
96813|7
11352|40
90266|10
90039|10
08057|14
60108|4
77380|6
14880|31
54956|2
02472|12
13124|3
48306|1
01610|1
12568|16
06365|1
19119|6
80226|6
19401|4
15116|1
14898|15
23462|10
13748|58
87501|4
33605|6
01721|4
13368|24
53717|7
30115|2
94109|9
02142|4
27703|6
06033|16
05760|1
12916|29
12941|49
12969|14
12851|9
12932|32
12956|8
12809|90
12950|18
13428|39
02215|5
12886|11
13327|32
12935|15
13410|3
12166|42
32708|9
13665|17
92373|2
12987|22
12812|8
12927|6
01890|5
12977|7
33150|1
12863|14
12872|6
13343|22
12177|11
12893|1
12967|14
12815|33
12974|25
13472|16
60045|8
13480|61
64089|2
85018|4
62526|1
29601|6
33309|18
21144|2
11574|2
10489|1
06418|1
75067|3
34240|14
60603|12
20011|6
98107|5
92501|1
33028|2
19004|20
94103|23
01027|6
44702|1
07041|18
18337|25
14889|18
19010|10
65809|1
18915|1
60091|2
13862|64
40243|2
13322|21
12151|48
13615|11
60527|7
14753|19
08618|1
75019|5
04072|3
11945|2
10041|11
34243|5
07109|36
21046|10
02199|4
98226|5
13470|15
13655|26
20607|3
35242|3
47403|1
14475|12
28078|9
33710|4
77219|1
92508|1
92879|4
02115|6
27401|3
32827|7
13650|27
44333|7
82601|2
07866|15
04078|1
60134|1
66210|7
98402|4
07512|22
13167|51
06156|1
06513|9
08053|19
78633|2
60523|9
90019|11
01089|11
92010|5
02860|10
44654|2
75240|6
12937|14
13348|33
18705|3
77477|4
13680|21
53783|1
80005|2
30047|4
95032|5
91344|9
06259|1
30004|16
11143|1
97204|17
14707|4
34232|5
29492|6
94608|7
78216|6
60620|2
11529|2
44127|1
98466|2
84043|7
78759|10
75207|19
80205|10
06524|6
12046|29
30907|2
70726|3
18947|4
37219|4
78723|3
37090|1
32244|2
78155|2
08016|9
06605|14
15846|1
78624|3
12052|42
05778|1
17603|14
32073|3
33013|1
89136|6
06120|3
12724|15
18249|2
19703|24
14824|18
77090|2
17110|8
13315|21
18920|1
12757|1
66212|3
28031|8
84003|3
36544|1
15025|3
48504|1
27801|2
30014|1
23888|1
30083|1
99503|4
94604|1
21075|4
07311|8
60056|2
22191|4
12920|27
77548|1
06794|2
93940|2
75254|6
28443|2
77084|5
75013|5
06297|1
15317|7
22124|3
48393|1
90501|8
02780|5
60604|39
12515|53
37877|1
02888|6
33144|2
30052|9
78232|8
97501|6
07821|9
60101|1
19355|20
07205|18
08879|17
14168|1
60062|14
41042|1
13639|4
77089|2
94118|8
17517|2
12419|14
14054|24
90031|4
11033|2
08863|10
75075|2
14480|27
94086|4
77079|5
12958|28
83420|1
13788|36
33584|3
90011|4
48910|1
63011|1
45069|5
06477|5
07938|2
92614|28
08086|8
92606|13
21114|3
18103|9
30106|1
78703|7
07465|4
92612|23
98124|2
13681|15
04032|1
01249|1
03062|2
61108|1
13786|13
32837|10
14476|47
07755|19
75214|3
12448|13
62801|1
22204|4
12007|10
44446|3
21704|4
01060|13
11463|1
13345|2
49008|1
33325|2
10476|2
75034|12
08021|6
84604|1
10074|3
06854|26
19046|9
33176|10
33145|8
18235|3
94952|3
15004|1
14005|34
29301|1
48067|5
30097|10
08514|3
07514|10
27284|2
75093|7
78045|1
11304|2
12190|16
21230|9
77493|2
13810|24
55391|2
07739|10
94707|3
14869|27
28208|1
60201|8
94015|2
91761|7
99201|18
91702|1
20746|3
77388|1
40207|3
33023|11
92694|6
60655|1
33549|7
63122|4
44720|3
37641|1
19604|4
98607|4
14518|1
55104|1
15668|1
76210|3
07033|19
18512|7
12722|8
45042|1
48302|3
60649|3
10368|3
01082|1
06106|12
12176|7
91307|1
91362|9
12787|7
14879|22
14711|29
06514|9
08731|3
92108|11
08062|2
91204|4
13611|3
19525|4
14028|23
14066|27
19442|2
40218|3
16701|7
08033|9
21401|128
14836|20
20117|2
14803|25
16335|7
58104|6
98208|1
98109|13
14735|59
84721|10
13750|19
08501|5
98516|2
60532|7
16001|2
92394|1
06040|6
13602|10
92192|1
35180|1
06706|6
48201|1
28226|4
66612|2
97210|18
81615|3
21702|3
77021|1
30071|6
77036|6
36376|1
19116|9
05764|3
62223|1
28217|7
33765|4
81645|1
11690|24
33331|8
20172|1
07921|10
02920|7
11376|3
75237|2
23229|2
12365|1
48103|1
59932|3
13024|2
33907|4
11748|6
53045|2
14808|9
13355|16
13244|9
06067|12
64132|1
29745|1
80210|4
07439|1
34994|3
12422|9
11013|2
48150|6
19610|6
02493|8
12725|12
95212|1
15084|2
14952|1
53018|2
20874|4
35243|31
95672|1
91324|3
60446|1
03818|1
75087|5
19477|2
01902|3
06492|14
14034|28
14781|37
93108|7
11544|4
34746|8
92427|1
08045|1
11562|2
90027|21
14853|14
19154|2
08742|21
44512|4
13630|15
37931|1
94601|4
91364|29
13335|23
10904|3
91746|2
13755|25
10108|37
70433|3
13361|22
11307|4
91301|11
60018|10
55446|2
33543|4
14418|32
33122|5
27502|5
14453|20
92551|1
35211|1
39194|1
07803|2
91304|2
08450|1
02492|6
19140|5
28159|1
77338|2
77840|1
77012|1
48051|1
33611|4
32526|2
44223|4
48075|4
33617|3
07642|13
08807|29
29306|2
75069|2
55439|5
30084|3
35816|2
72211|2
60005|7
92150|1
38637|1
10587|8
21152|7
01701|7
60441|1
08037|2
30253|7
33470|11
70767|1
19139|5
98030|1
19053|10
32809|5
18848|5
95120|2
60628|1
03047|2
34234|4
28303|1
54022|2
07204|14
11325|3
33618|4
14511|10
44089|1
95993|1
75035|3
20165|2
16502|1
12960|13
13811|60
20906|2
30121|1
64127|1
71064|1
98409|3
45414|1
30518|8
76163|1
60175|1
06103|17
48722|1
19152|4
90740|2
94080|5
07075|7
02019|3
30228|4
12490|7
19153|1
13020|4
18708|5
77002|13
78701|31
30338|7
30349|8
48104|5
19073|14
14687|1
92115|1
91730|8
77450|3
60106|2
29205|1
29212|2
13026|45
08107|1
33897|3
30312|3
19804|7
22311|1
80903|2
08052|4
95054|7
08823|6
60643|1
27612|6
75062|5
06069|13
93010|2
02140|9
16127|4
82009|4
43540|1
98101|22
92260|3
14027|4
08734|2
92038|1
12429|19
02861|2
01238|3
28203|6
10062|2
13780|34
21649|1
90631|2
20868|1
07930|14
13486|16
07738|11
90265|8
14709|21
91606|2
19149|13
06468|14
07656|23
33762|6
34759|7
14872|13
19141|7
95051|3
60602|59
05474|3
13682|21
02143|5
06604|24
08840|19
12475|17
30324|4
08648|15
95035|15
03301|8
07029|25
48359|2
33066|1
78724|2
90032|1
83712|1
47978|1
29455|2
91754|5
55416|7
08077|9
07063|4
94065|3
05602|2
13450|3
94043|6
08542|20
08215|2
01129|1
23223|5
10758|1
08809|4
17961|1
13659|7
60035|3
92583|1
14839|9
07852|1
91203|19
13608|18
13668|41
75038|2
78721|1
37212|7
91108|4
92128|2
28227|11
10285|4
89112|4
63105|21
55304|1
33426|8
33026|1
77044|2
30701|1
55125|4
33130|28
20147|6
29716|2
13469|10
27713|4
20186|2
14816|13
91101|14
89141|5
11075|2
11863|2
19713|15
37216|3
22043|3
11124|3
95113|3
19063|15
60646|1
11536|3
02210|18
02032|1
11290|4
84059|1
14008|34
68103|5
95037|2
60605|5
15241|11
92807|5
21220|3
43125|1
11248|4
01801|17
75189|2
08865|6
01342|1
28210|16
13115|2
92131|2
08822|17
93711|6
53153|1
19711|15
46220|4
01430|2
91030|6
01776|10
19907|1
07062|6
29707|6
77845|1
30361|4
75201|27
78130|7
27517|5
60085|1
78613|2
90292|10
14459|5
01073|1
12120|24
84054|5
77254|2
06804|15
94536|4
97703|4
34113|3
68114|5
01720|8
08332|2
70434|1
63021|1
63119|3
59624|2
14726|10
12222|17
30269|8
36117|3
20171|6
89410|2
13071|21
30310|4
94925|7
08690|5
80211|4
55113|3
10407|3
77401|3
24354|1
85250|5
08625|9
16509|7
22192|3
89101|9
68130|3
01532|3
06010|8
11262|2
85755|3
85737|2
78666|1
14065|31
17922|1
27587|12
20748|2
15108|4
27615|10
92880|4
43082|4
16505|3
07106|14
95207|2
95695|2
08824|7
94117|7
19104|6
75253|1
92630|7
33805|1
07031|10
44077|4
77479|8
34688|2
27253|2
14143|27
13787|34
28146|1
94555|1
85020|5
91506|2
94041|4
75229|3
85338|3
06488|13
19541|1
28409|3
12063|18
08889|7
24501|2
39705|1
58763|3
37024|1
07606|23
37206|7
02127|1
19146|7
55401|12
32092|2
62712|1
84108|2
65652|1
27360|2
48463|1
14549|7
20195|1
22031|2
22401|3
22312|9
90746|1
48335|3
52302|2
94404|3
21228|4
12042|16
84414|1
19144|6
12295|1
32909|6
14145|42
46060|3
12959|20
06035|3
08270|1
32202|3
20166|7
06409|1
95125|5
29465|2
21104|1
02114|6
06461|11
60563|5
06111|10
19701|3
91234|1
13162|5
94559|3
80424|4
84094|1
20705|5
11017|2
06026|1
16125|3
92532|2
81506|2
08010|4
84037|1
23834|6
11006|2
37920|2
24011|5
17821|5
85282|6
93449|2
94577|7
60090|3
37064|8
99208|1
65803|11
30022|13
76107|3
33174|2
21030|8
07451|11
23219|6
07077|12
37211|3
22407|3
30024|9
07372|1
13411|56
12008|10
33455|8
18058|4
75025|9
10125|3
19426|4
28376|2
90201|1
95117|1
94702|3
18102|7
97527|1
38930|2
32811|9
34741|4
28147|1
97016|1
94612|12
92395|1
48083|8
33147|1
94590|1
55427|4
30655|3
22701|2
12405|12
92653|5
33449|5
08075|2
27709|2
32137|6
33014|18
30515|1
17067|2
23237|3
99019|1
49417|1
45406|1
77024|8
78253|1
01752|6
39654|1
30344|2
07021|6
13835|21
39367|1
94126|3
06608|3
08750|5
40202|4
01852|4
34743|2
92509|3
11549|2
11343|4
13784|3
29577|5
01453|5
33185|5
23235|11
14433|60
21645|1
77042|8
02494|14
94558|5
02536|2
13425|27
19002|7
06107|8
14545|2
94119|1
15001|1
97401|6
75205|5
96825|5
40241|2
14877|14
79733|1
98021|1
23224|3
75061|2
79416|1
94560|2
23503|1
77071|3
19082|4
39159|1
77583|2
76542|1
77581|2
24256|1
17404|4
35034|1
04927|1
23803|1
38732|1
77378|1
34951|2
35150|1
94533|1
18052|6
28304|4
77584|3
20876|5
41076|3
29631|1
02895|2
92805|2
48095|1
39212|1
35094|1
14842|20
77074|2
37617|1
32221|1
17406|2
48197|1
27522|1
93313|2
85326|2
39056|1
46410|1
90247|1
28613|1
14109|1
77014|1
92109|7
06517|7
18353|2
04170|1
75104|4
02445|9
11250|1
19107|6
07444|10
43219|3
95616|4
12062|39
08608|8
08015|5
06489|7
66214|4
13213|3
90255|1
27701|5
55121|4
18901|9
91355|9
02893|1
93942|1
48170|7
10894|1
92833|4
17602|5
33025|6
59715|6
02885|2
98052|8
54914|1
98023|2
08066|2
92780|3
11335|6
60473|1
30213|6
11318|1
94520|7
98221|1
63368|2
75063|4
22201|13
30009|10
11750|6
31193|1
18414|1
12453|12
97229|3
07461|15
44319|2
07936|13
06907|17
34474|1
94596|7
08875|1
94063|7
13141|11
33873|1
11336|1
22116|1
10437|2
12934|7
65625|1
14024|41
13652|19
17815|6
17702|1
32668|1
18328|8
78739|1
74013|1
48034|5
13667|26
30519|1
78726|2
11534|3
77091|1
92675|4
80203|4
12874|6
15301|5
37027|17
02150|4
21734|1
10049|5
08026|1
01604|2
89044|5
44805|1
43074|1
87109|3
19138|1
60645|5
60047|3
63111|1
33020|15
02908|1
01569|1
92677|9
33950|3
17554|1
60051|1
77355|3
10953|42
89121|15
91764|5
78745|10
14646|2
61832|2
12554|1
03743|2
01730|11
12778|37
76092|17
10883|2
77573|3
34285|10
22203|6
12510|8
13454|11
12512|6
02806|9
17545|4
32617|1
33801|2
02176|2
28513|1
29006|1
78664|1
72761|1
32205|2
14741|29
89131|5
07874|2
27705|3
72704|1
98103|11
95476|2
44663|2
30080|9
01501|6
53565|1
12187|19
34772|2
32063|1
03905|1
14859|14
01240|8
18224|1
14820|8
10082|1
89173|1
20015|15
33135|4
42071|1
11035|2
60429|2
10641|1
12506|5
16830|1
35222|1
07419|7
31210|2
46112|3
28428|2
30087|5
48507|3
06471|2
15672|1
29615|6
05344|1
21234|3
49203|1
49512|5
64108|9
01545|2
44115|4
91103|9
75230|7
80016|3
66226|2
12903|46
35224|2
32043|4
27409|2
33306|7
91502|3
27932|2
14421|1
19041|2
64105|3
89102|6
33474|1
91505|10
06002|8
18657|2
20877|6
03602|1
05253|2
18255|1
21409|3
85204|3
49546|2
01860|3
08638|9
28278|3
94304|10
28401|3
89316|1
40026|2
33763|1
60647|4
02180|3
44121|1
33556|5
03833|4
12651|1
13468|14
98122|4
92673|4
94598|1
08869|7
94551|2
85715|3
07462|7
87113|3
27455|2
01056|1
11775|8
14728|26
18106|5
97520|3
13697|35
21015|8
06614|18
12082|8
08846|12
48202|1
02777|4
90017|14
13329|51
05251|2
13841|8
94025|17
10478|1
22202|5
45040|7
80027|20
61107|3
02145|2
03101|9
60305|1
14775|31
06426|8
98295|2
33406|6
02021|5
23456|1
45249|3
92011|6
92691|5
12224|19
85251|5
12450|22
48126|11
13842|19
14486|5
40160|1
33317|4
16066|5
11112|2
13640|25
17325|2
13455|1
03084|1
18062|3
60154|2
01235|2
06475|5
30319|8
12864|1
02903|24
11573|7
13321|14
90026|13
44425|2
20816|22
27576|1
13457|2
11737|7
90248|4
13863|8
91360|3
27704|2
30342|10
94607|15
95128|5
14804|15
78212|4
06754|6
13087|3
13763|7
92264|3
94572|1
91790|3
91016|7
18466|7
89139|3
34275|4
12194|18
02745|1
02081|2
91723|5
13313|6
89120|7
33405|6
01741|4
94583|6
28562|6
92647|3
60004|4
17022|3
46032|10
13643|4
48130|2
05736|1
08096|9
77018|2
03766|4
17543|9
60474|1
18972|2
46802|4
49468|1
14535|1
07071|46
87107|2
08226|3
60022|3
13437|12
19609|3
01237|2
96778|1
12541|7
12089|2
44610|1
60640|7
03867|1
44113|8
43236|1
90807|5
12220|11
10782|1
30062|2
05459|1
28079|2
20871|5
00802|3
95687|1
53202|9
84741|1
92602|3
55311|2
32208|3
85254|9
13102|2
30016|4
75204|11
55033|1
27410|5
80124|4
12112|1
91608|3
91773|1
30025|1
85382|3
13678|3
92870|1
22980|1
06390|22
60657|3
01086|1
12855|8
32773|2
21237|3
13757|23
13809|25
21014|5
53718|2
91708|1
20878|15
60632|2
70001|2
93720|4
19123|4
98033|9
02842|2
12174|11
33428|7
01420|1
18064|3
35004|1
48098|7
19933|1
72903|1
19145|4
01945|6
11012|3
33542|1
63301|1
44131|6
07085|1
13305|3
90275|3
16915|3
98040|2
44039|1
78733|2
37062|1
14897|12
14861|24
97874|2
94132|5
11128|1
12293|1
44236|8
02345|1
13666|2
78744|3
91325|3
48082|1
14822|20
84101|5
98058|2
33029|2
06610|11
09712|1
48823|3
33908|5
89104|6
89511|4
78609|1
97209|8
74153|1
01036|1
12036|5
98134|2
33024|9
07970|2
03053|4
43004|3
95409|1
01054|1
35244|2
33324|14
19108|1
19007|5
11473|1
30187|1
19066|2
12923|6
05759|2
13436|4
97206|3
35202|2
48423|2
01220|2
11450|2
11476|6
20170|10
57555|1
18059|1
49544|3
38118|1
00911|2
02912|1
10043|9
13606|54
05250|2
30307|3
06672|1
30901|1
64120|1
03871|1
16374|1
70734|1
89166|1
14714|5
11592|2
14261|1
02822|1
32204|5
33548|3
32839|5
11683|1
60607|18
27973|1
73069|2
13136|7
94515|1
30078|4
84070|3
52807|1
91603|3
41048|1
19973|1
27936|1
12929|15
11891|2
48005|1
94947|1
66218|1
08087|4
13111|24
62450|1
29732|2
18334|2
22183|1
68102|7
14831|1
93245|2
12139|9
10873|1
32399|3
84111|7
94605|6
14723|17
33954|2
94133|10
53217|2
33756|14
30012|12
14465|1
19014|2
75068|1
40299|5
22932|2
03802|1
53575|2
58208|1
37416|1
34219|3
53033|1
84601|4
89145|6
47401|2
84401|2
10214|1
32934|1
12507|7
13314|5
98672|1
19129|3
14788|4
33166|9
77008|5
53711|4
28209|8
29201|7
05406|3
33872|1
10649|2
23518|1
21286|4
30068|4
80439|7
33177|1
15211|1
22209|4
01108|2
32169|1
46601|2
18810|16
14989|1
11543|4
18302|17
70124|2
08080|4
19312|10
27104|2
92171|1
94005|4
14729|16
06115|2
66206|1
27529|6
10814|1
80924|2
80220|6
73026|1
16936|2
91107|7
18701|4
75028|2
32209|1
43081|4
13620|24
02917|5
35213|1
35203|3
85718|4
90010|22
91737|2
33192|2
10568|4
20144|1
37922|3
84010|1
21784|2
98034|3
44615|1
02832|1
12819|5
44136|2
20120|1
07750|8
33444|4
54911|1
07825|9
75862|1
10643|1
33136|3
82834|3
13616|20
75115|3
01952|1
01460|4
02451|11
04073|14
05464|1
08657|1
33903|2
70056|6
13744|18
20191|7
13464|15
91744|2
55425|3
33435|12
12195|5
75036|3
94550|2
19508|1
12708|1
60044|2
63102|4
15009|1
11781|3
15206|8
75023|4
89130|3
19527|1
68504|1
46507|1
90013|8
10347|1
43220|4
21904|1
90404|12
05763|1
02130|4
19008|5
44234|1
34208|2
02478|6
83864|1
15902|1
22306|5
12314|1
80214|3
76705|1
14060|10
10115|11
14744|15
08046|7
34950|3
30337|3
32803|4
37902|3
33558|4
39110|2
91709|4
85206|1
06904|3
30038|3
32128|1
11619|4
89523|2
44138|2
62263|1
14884|8
33183|4
33610|4
19083|3
06416|3
11398|2
91803|3
16946|4
32950|1
00936|3
08730|7
32833|1
33417|2
28773|2
75007|6
33615|6
53609|1
97140|1
07303|8
14769|20
60076|9
14854|2
91510|2
28277|15
12939|10
23060|4
89081|2
13870|1
72712|3
27377|1
68347|1
10259|1
11736|6
92626|11
66044|3
10172|16
66101|1
23505|4
83605|1
01851|2
16947|2
27604|8
37917|1
98118|2
93704|1
01245|1
80504|3
18951|5
05468|3
13635|9
19317|4
18834|2
60126|3
77459|6
06070|3
14782|15
13418|2
01506|2
18017|7
06763|1
48334|8
01746|5
71106|1
33637|3
01026|1
91311|7
18322|3
92112|1
78702|8
14878|23
02467|6
54937|2
11469|2
85295|3
60188|4
43016|4
02865|2
02061|8
90293|4
05456|1
01202|4
18455|1
99027|1
87048|2
78617|1
10915|12
80465|2
28480|1
13435|5
76657|1
28905|1
99301|1
77449|4
10198|2
85297|4
98373|2
14846|10
02474|5
43206|1
33594|2
18092|2
14740|15
18927|2
13123|6
18847|6
81657|3
14415|1
53092|4
48125|1
14084|1
72201|1
14310|2
76262|6
34691|2
82501|1
32804|9
44146|6
36842|1
12821|6
60073|1
30297|2
04070|1
92054|2
20855|2
05482|8
32903|5
03431|5
20744|2
89062|1
14894|21
77077|6
21801|1
06790|8
29414|1
16214|1
22046|2
12172|10
11380|6
92071|4
95603|2
32314|2
89123|6
72756|2
85260|11
52577|1
10373|1
12739|1
90021|10
10056|4
10521|4
08528|1
11280|2
85132|1
63074|2
92392|3
12559|6
13433|19
44106|3
97005|4
51526|1
16415|2
63935|1
10381|1
78132|3
34613|2
30252|3
06705|6
15010|2
13649|5
01747|1
77083|5
89509|5
93003|3
48105|3
41022|1
92124|1
48768|1
18960|1
75251|4
55407|1
22554|4
95747|3
39402|1
19320|9
55441|5
63650|1
32822|2
11147|1
60641|5
04912|1
84115|3
44444|1
74120|1
10318|1
95241|2
93012|4
91786|3
19003|4
92705|10
21108|3
83002|2
12482|14
18831|1
12741|6
02186|4
36303|1
17833|1
90063|1
03280|1
33901|3
80015|2
55008|1
77396|1
33815|2
21224|9
29485|4
46527|1
21601|7
11016|4
63101|4
12968|2
27603|6
16403|2
13756|14
47803|1
80466|1
02141|7
78230|6
77441|1
05353|1
13494|8
12955|6
32084|3
21773|1
21738|1
07001|16
19143|5
77478|6
25840|2
91405|1
18508|8
30656|2
30646|1
31401|7
07418|1
43213|2
13524|1
80302|9
81505|2
02379|1
32821|1
11387|6
01262|1
44143|6
54481|2
03886|1
14010|2
85268|2
63645|1
20004|43
02537|1
08251|1
17177|1
18976|2
13693|14
12297|1
01749|6
06098|1
18344|3
17112|1
78756|2
20695|1
48084|14
32259|4
17025|2
78734|3
06001|8
20019|4
94116|3
60615|4
66609|1
18210|6
85012|2
02465|2
27609|8
77365|1
60467|1
54235|1
16823|2
13742|1
11326|4
48207|1
21122|2
20008|13
43221|4
02461|5
20904|4
33716|8
10179|2
77055|3
32817|7
22901|4
33345|2
17001|1
11595|1
21029|3
68059|2
15147|2
29483|3
92262|6
60133|1
98335|4
60015|5
59771|4
06089|29
28412|1
18505|10
15129|1
22003|8
05055|1
19125|3
14890|1
54308|1
06704|9
22482|3
33157|2
01756|1
29461|2
27842|1
10206|1
29372|1
71101|3
02466|1
02559|2
27927|1
77364|1
94523|2
12861|13
14135|3
49224|1
31406|3
00000|8
39501|3
15208|2
33807|1
17331|6
76048|1
06073|2
01748|11
21218|4
19438|7
33884|3
92123|7
19522|1
97068|2
97212|6
63026|4
32246|3
37207|3
14531|1
18603|5
17402|4
48128|1
35022|2
55744|1
14786|3
37072|3
40330|1
07885|8
92106|1
37204|7
91214|3
94563|5
04963|2
99202|1
15237|5
92840|2
60631|5
18463|1
19333|2
27298|1
94112|2
01824|3
80007|1
07513|6
04096|2
02879|8
97801|8
48187|8
38135|1
29406|3
05454|2
19301|2
30041|4
29582|3
30642|3
46278|3
11389|2
38134|1
34202|7
04347|3
92654|1
04104|7
48180|2
18509|2
77082|4
15235|5
10311|8
85202|1
15024|1
11471|2
23231|3
11288|1
29412|3
30144|6
17401|1
06413|6
13301|8
13806|8
03401|1
20772|1
52404|3
02766|2
95762|4
85702|1
14754|7
96815|2
48009|5
94804|1
94134|1
22012|7
17044|1
15205|1
13043|1
17403|11
32835|11
36104|1
53144|1
14462|12
34116|2
97124|2
30044|9
26062|1
55793|1
49505|2
92801|3
11468|3
10094|2
45066|1
19462|5
13945|1
55447|2
80237|2
95464|1
12978|5
10112|26
06053|1
14777|8
44060|4
77033|1
20707|3
53705|3
94158|4
32751|7
20735|2
63702|1
48642|1
60540|2
01040|11
34231|3
30013|5
12432|14
06112|1
85257|2
02462|1
28025|3
02144|4
30909|1
06710|5
77063|2
37813|1
42101|1
12952|10
94549|8
54913|1
02633|2
77030|4
77494|8
01106|2
16350|3
19473|1
11028|4
17307|2
74145|1
33905|1
96814|4
12856|4
03054|2
84060|5
81321|1
53223|1
60515|4
57274|3
53044|2
16365|11
13804|3
08853|2
20770|6
19344|1
04730|1
65804|5
70363|1
90040|3
32730|1
95834|3
22923|1
01020|4
92009|3
22556|1
27265|3
55409|1
12922|2
44035|1
23301|1
32765|3
10355|2
33708|2
33015|4
13623|1
46362|1
32507|1
06042|5
44145|8
53703|2
33619|1
98233|1
08758|1
44666|1
48226|10
48346|5
14720|6
16504|2
11150|3
84091|1
15601|5
70130|11
02346|1
11546|1
55101|5
60302|4
80112|10
66049|1
16101|3
30331|4
30334|2
12471|9
12214|1
92111|2
68123|1
92623|1
76132|4
77095|4
90028|11
95401|4
93514|2
31522|2
80123|6
95110|11
30114|1
99352|1
10064|2
77047|5
17851|1
80241|1
18018|6
63115|1
13479|9
44056|1
26554|3
32177|1
32034|4
95630|5
03848|2
93510|2
17111|6
06410|9
16153|1
10906|2
68508|2
01105|2
91202|8
75160|3
75024|11
20794|1
23236|5
91755|5
06890|11
32119|1
85331|2
71303|1
60008|5
15201|6
07522|2
78249|3
80104|9
94606|2
70005|3
97035|7
01754|4
17737|3
38119|2
67357|1
01915|6
20995|1
30102|1
02726|1
30161|1
12345|2
18612|2
87504|4
25425|2
93550|1
30329|10
38133|2
08620|1
34109|12
10500|2
08234|7
08406|4
15213|2
19120|5
22620|1
07023|8
60192|2
16648|2
75247|4
07061|1
55124|1
90502|3
94552|1
14778|3
97045|1
48360|1
91105|5
70817|1
27540|6
06340|4
44134|1
06405|9
92562|4
48323|1
90242|2
11453|1
97528|1
54915|1
16428|7
84117|7
32904|5
61951|1
48304|4
92672|2
54880|2
63103|2
34442|1
16929|2
28023|1
07361|2
02054|1
77342|1
19399|1
48649|1
30011|2
18969|3
47630|2
97223|4
32807|3
12930|6
48375|4
91765|4
11472|4
11083|1
44902|1
08014|1
53578|6
23230|6
18216|1
19147|10
84047|2
60612|4
92234|1
02171|4
34685|1
08505|6
34742|1
01062|1
01451|1
12225|2
33813|5
84107|5
94587|4
02817|1
33635|1
39466|1
08205|2
12857|11
55379|1
92701|2
30092|15
55344|4
72758|1
98083|1
23294|1
94539|4
37214|2
55343|7
44883|2
16203|1
98108|5
37923|4
59804|4
06231|1
28804|1
19081|2
06423|1
06105|4
46240|16
37122|1
08827|2
00820|1
39042|1
23831|1
60463|2
22151|11
55112|4
46947|1
15853|1
45209|5
06354|2
33704|11
23320|3
11018|3
11309|1
77571|1
48310|1
37209|1
34638|8
80129|1
89449|1
33172|10
54002|1
45150|5
01090|3
60510|1
98661|3
75001|7
65802|2
12838|7
33036|1
20194|2
38506|1
44641|1
73179|1
46051|2
74447|1
18436|4
04086|1
80401|6
06114|3
80246|6
20151|7
32124|3
55362|1
76088|1
21502|4
77386|6
23452|6
14785|3
97701|1
49501|1
20830|1
18109|3
94524|1
44087|2
14876|3
38017|4
02452|4
89032|1
33781|1
01305|1
27597|1
21617|1
76054|5
95758|1
82002|6
89408|1
44139|5
42212|1
52004|1
56003|1
12031|2
34695|5
11459|2
01267|5
60618|3
32226|3
20721|4
12799|1
28602|8
11371|6
85253|4
77010|1
39475|1
94564|1
80204|2
92648|6
16942|2
94566|6
27526|2
86301|2
07608|15
84663|1
80550|3
27518|2
02043|5
46307|2
76177|1
17315|1
01719|3
48212|2
29926|2
62301|1
32533|1
33604|2
98126|1
28352|1
53527|2
62702|1
55013|1
12837|4
20818|2
28315|1
11191|1
78217|1
33544|2
10068|3
98203|3
30157|4
20013|3
04092|2
54016|3
93105|2
77995|1
55317|1
48127|2
11531|10
68405|1
44254|3
04402|1
20176|9
04401|3
75409|1
06756|5
71107|2
01921|1
17814|2
98119|7
08110|9
32724|1
15367|1
10967|2
33351|8
12910|17
92081|3
10055|8
08903|1
02740|2
33596|2
68847|1
85351|2
70122|3
59103|1
13844|9
08928|1
07765|2
97301|5
10558|1
32210|3
89118|6
95973|1
11384|3
15005|2
18812|4
94705|5
40507|5
17072|1
48152|4
33307|2
76082|1
78705|4
38016|1
13641|3
23703|1
76710|5
19090|1
04106|2
80011|3
10572|1
98248|1
13280|2
92337|3
18371|3
06280|3
23185|3
87190|1
92113|2
06533|2
11351|7
93230|1
43701|2
62285|1
45331|1
32940|6
49093|1
01826|1
44094|3
07850|2
92154|2
06796|2
06078|3
17522|7
11599|4
76137|2
15219|6
45439|1
19453|2
15829|1
08012|9
10071|1
98024|1
12884|10
64658|1
30122|2
11785|2
50501|1
05450|1
01982|1
17837|2
62704|3
75039|5
15212|8
01950|11
07242|1
08805|7
06701|1
05743|4
33904|4
34482|2
75206|9
18447|3
18661|1
19468|4
48307|3
94040|3
07440|1
74012|2
27107|3
12426|1
80033|3
33771|2
01772|2
78586|1
10098|1
18974|6
20724|2
62828|2
87102|3
12970|12
30099|1
19605|10
33919|1
43235|4
17078|1
11761|1
60016|3
98110|4
70121|2
46038|3
85281|11
61702|1
14582|1
14972|1
44240|3
77339|4
48909|1
36863|1
64080|1
66062|1
13426|3
16105|2
72207|1
36606|1
32502|5
32311|2
16748|3
85379|3
78205|4
28214|3
62234|1
10212|1
78741|5
18519|2
13483|8
28791|1
30606|1
48430|2
14061|3
44233|4
89146|2
54140|1
07422|7
01608|2
33442|8
20037|6
67210|2
98105|3
10447|1
03595|1
10593|3
04450|1
09750|1
84158|1
20637|1
10910|5
13627|2
85626|1
75218|2
19076|1
11526|2
34135|5
30088|2
94561|1
70471|1
10297|1
35207|1
20716|1
47374|1
92407|1
97601|2
36609|1
32818|2
92555|1
39121|1
53095|4
70114|2
34238|4
01905|2
18914|4
27601|4
18434|1
02660|2
91011|1
11533|6
52556|3
10235|1
90630|6
33569|2
33764|6
93119|1
33461|7
19518|1
92253|2
85705|1
30060|2
97211|3
01969|8
14628|1
11973|5
46158|2
75231|6
12288|3
48089|1
48211|1
60013|2
19608|5
11480|2
88011|1
91501|1
43571|1
21201|3
07940|16
94618|2
32955|3
02859|1
31088|1
40383|2
05255|8
02056|1
70163|1
05701|10
03462|2
95865|1
10450|3
28211|1
48316|1
55044|2
37056|1
33578|6
30223|1
95437|1
92704|1
01602|1
32606|2
43204|1
55105|4
29708|5
02038|5
35124|2
84120|1
76017|2
94571|1
60403|1
08835|2
71457|2
50401|2
66203|1
05068|4
11846|1
74134|1
51442|2
70806|2
22406|2
06088|3
71360|1
55431|2
10692|1
44614|1
50613|2
84110|1
15106|5
01247|4
08091|3
22307|2
23113|4
02631|2
90029|2
13826|1
30560|1
10582|2
10750|1
34233|2
21076|9
02468|6
28216|6
61614|2
06581|1
89030|1
95124|1
60712|3
18055|2
06478|9
05775|2
33914|6
32825|4
43231|1
34653|3
13638|5
49441|8
33603|3
60517|1
03246|1
02568|2
30442|1
19124|1
33321|2
07101|6
33427|3
30586|1
11278|1
07435|1
37363|3
60202|5
92203|1
19038|7
24018|4
80538|8
94591|2
03901|1
11637|1
84058|2
70113|2
44321|2
85118|1
03061|2
20692|1
11993|1
10652|1
30064|2
18470|2
02818|2
94044|1
28801|4
72764|1
20155|2
30032|2
10432|2
48036|2
43068|5
14675|1
64068|2
84095|8
06795|2
04021|1
92040|1
10070|1
24073|1
46804|1
08722|2
02149|3
92308|1
11442|3
33563|1
97086|2
93306|1
90805|2
74401|1
48111|1
20912|2
53211|4
27520|2
17955|1
05407|1
14441|4
64153|1
20903|2
11317|1
32868|1
16002|1
91601|4
30030|3
19121|4
10912|2
46835|1
12535|2
14552|1
43209|2
34293|5
06519|3
68107|2
75080|6
28213|3
89108|1
46783|1
85395|1
33917|1
13861|10
01970|3
33175|1
55811|3
08036|2
40504|1
29325|1
12914|5
95014|8
18039|1
30273|1
94501|3
89147|9
70739|1
94706|1
29470|1
48243|1
32805|4
06333|2
11401|1
75092|1
44281|2
90803|3
16503|2
87104|2
80249|1
20012|3
84097|1
48326|1
11455|2
18629|1
99514|1
05489|1
18405|3
28115|1
59901|1
11458|2
02050|3
28787|1
86401|1
27591|2
12975|8
36526|7
54311|1
10257|2
19373|2
83616|2
12425|2
15112|1
48176|1
99354|1
00646|2
20659|1
03835|1
03878|1
30033|3
90274|6
02066|2
01069|1
11513|1
77092|2
80601|1
03082|1
33155|5
08735|2
02148|7
08225|2
48224|1
07027|2
94066|4
91932|2
03261|1
40223|3
75226|3
29229|3
46037|3
10265|1
20110|3
05465|1
92887|5
64063|1
20121|2
19425|4
19112|4
65101|3
93031|1
68516|1
12504|3
11712|1
04556|1
19020|6
28106|2
07268|1
15275|1
77251|1
95129|3
49506|1
34667|3
13163|7
40505|1
08084|1
75561|1
14627|8
33844|1
06762|5
11100|1
33109|3
94124|2
32130|1
06068|5
58108|1
14169|3
80474|1
19730|1
36109|1
10298|1
47904|1
94510|2
98353|1
22947|1
01983|2
94014|3
49424|2
19151|1
91116|1
12218|3
08848|4
92336|3
19018|4
39043|1
49002|1
10790|1
60487|1
03284|1
77007|6
47454|1
98136|1
54201|1
65079|1
47334|1
33759|2
68122|1
00926|2
45203|1
76244|2
18460|1
48076|1
14742|4
48116|2
60173|7
11451|3
18049|3
14565|2
07981|5
11488|1
33777|1
95818|1
92688|2
48228|8
19118|2
92110|4
13062|4
27560|6
38464|1
19137|1
77316|1
95816|1
06018|3
11126|1
92029|1
70403|1
07927|4
84005|2
93110|1
44721|4
28445|1
97756|1
10531|2
27539|6
04938|1
17701|7
14834|1
53158|3
98178|1
11698|1
08887|1
85258|9
07737|5
11805|2
97405|2
10770|1
22958|2
53005|2
46074|4
19070|2
77006|2
60423|2
10477|1
18040|2
17747|2
53704|2
16507|3
77080|1
80911|2
30039|1
36106|6
98188|2
35976|2
97218|1
02025|5
32703|3
95825|2
98258|2
47901|2
12398|1
06451|2
02332|2
90802|5
05461|1
34990|5
94518|1
12976|6
52040|1
77521|1
07963|2
85284|1
34608|3
12249|4
12606|1
94582|3
22042|3
01854|1
65201|1
92056|1
19044|8
17042|2
06615|9
01537|1
49348|1
30188|1
30318|6
70112|1
98154|1
60077|3
37343|1
92841|1
80001|1
29054|2
92075|5
32136|2
48918|1
27573|1
94574|3
60115|1
76227|4
01004|1
61111|1
10358|2
93301|2
61874|1
78680|1
93726|1
48223|1
95648|1
15068|1
37073|1
94948|1
24060|3
23510|2
77389|2
08330|6
32570|1
18936|3
17033|4
17087|2
11323|1
98501|4
46062|2
44203|1
01863|2
32245|2
01840|4
55805|1
95653|1
92014|7
20164|3
76028|1
20706|5
12216|2
44120|5
20619|2
91767|2
16056|1
45402|2
01473|1
95405|1
16438|1
11485|2
68128|1
85704|2
45140|1
01151|1
53562|2
23111|4
19064|8
95050|3
02351|1
85032|3
92617|3
11734|7
32317|3
12215|3
98370|1
43240|1
53072|5
28215|4
14647|2
39507|2
77489|2
95138|4
10529|1
45377|1
06092|2
89052|4
46077|3
78752|2
19132|3
11457|1
45282|2
07502|5
99518|1
07718|1
10556|2
85022|3
32968|4
53233|2
13774|2
71753|2
06021|1
02816|2
33056|1
13012|1
12221|2
30341|6
32539|2
63127|1
40502|6
98125|3
66204|1
03071|2
10719|2
92241|1
23005|4
00979|1
28601|1
13475|5
02910|4
14542|5
90020|2
61114|1
40220|2
27516|2
14652|1
84403|2
20901|3
07044|13
83714|6
92058|1
14123|1
14774|1
02112|1
01760|7
37914|1
13405|2
34237|2
12287|2
33990|4
24112|1
07735|10
27613|2
01527|1
38068|1
08558|8
18101|5
97062|4
29072|3
46237|2
67202|1
81225|2
00909|1
63088|1
60543|1
12736|3
46952|1
35401|1
13675|3
06855|10
02563|1
64152|1
45237|2
48066|2
08202|2
27260|1
91724|3
05257|4
92657|5
16323|1
15217|3
70448|1
02650|1
14447|1
60084|2
60560|2
77871|1
03894|2
87043|2
94611|4
22443|1
96707|1
33416|1
24531|1
18851|2
08965|1
22040|1
95013|1
45839|1
44147|3
10417|3
28411|1
45458|1
93619|2
27534|2
33774|2
33243|2
14434|1
85016|11
10400|1
80306|3
78639|1
29670|1
28001|1
44256|2
11342|2
27707|3
29605|1
62535|1
72114|1
75202|3
98685|2
63640|1
62523|1
98020|5
12767|2
21813|1
55904|1
17540|2
11051|1
03909|8
02062|3
51632|1
78749|2
13695|1
20038|1
97202|3
74037|2
15026|1
33909|1
75072|3
34677|5
77029|2
80207|1
77065|1
11943|2
11505|3
77019|4
13846|8
12915|2
37402|2
00614|1
78537|1
19134|4
07848|4
24554|1
96001|2
08804|1
06515|6
14087|2
02721|3
52241|1
63146|1
36301|1
28302|1
80470|2
01876|2
15221|3
90745|1
22041|2
55812|1
15136|2
94131|4
52801|2
11314|4
05735|2
70002|4
33910|2
95835|1
01351|1
29115|1
81419|2
91106|2
55437|2
95618|1
72740|2
12213|3
01013|1
32922|2
43113|2
97222|2
64111|3
80525|1
61603|1
27510|3
14313|1
98006|3
32240|2
93062|1
18818|4
29405|2
18954|3
24528|1
14520|3
10052|7
10057|1
84145|1
14039|2
27278|2
13103|1
19027|3
14134|5
32059|2
30101|4
29649|1
29486|4
77041|4
45845|1
15086|2
18644|1
23441|1
70601|2
73050|1
75043|3
17202|1
90290|3
48230|2
97070|1
05089|1
03449|1
80602|2
50021|1
29036|1
33624|4
81620|2
84081|1
75266|1
80163|4
77325|1
01119|2
55102|1
44130|3
55110|1
53083|1
91352|2
75074|4
18426|1
01222|2
13484|1
13859|3
43302|3
03470|1
16146|1
13125|3
30248|2
80026|3
01028|5
37115|1
22302|2
98245|1
07838|2
16510|2
79912|5
06082|2
34205|1
60014|2
05746|1
11397|2
30906|2
08069|3
59937|3
17722|1
90001|1
46614|1
03031|1
44451|2
11283|1
28405|5
95472|4
91001|1
73142|2
66213|5
06085|1
33394|4
12848|1
30141|3
18419|1
32033|1
30045|4
15958|1
16412|1
77094|1
07275|1
33870|1
10209|1
89126|2
11036|3
95219|3
05155|1
99654|1
93401|2
05491|1
93955|1
90305|1
11275|2
12667|1
46226|2
54948|1
98037|1
89183|8
44311|2
30134|1
48601|2
76226|1
91335|3
20197|2
08004|2
84020|7
66636|1
64118|1
90023|3
86005|1
02045|3
95336|2
16914|1
11807|2
16950|1
70128|1
30889|1
21017|1
10096|3
64109|1
07827|2
33916|1
78201|1
80224|2
02331|1
40509|2
18503|1
55372|2
38116|2
85051|1
70815|2
93063|1
76116|2
92335|1
10609|4
60439|1
98275|2
91710|4
70123|1
20763|1
23234|1
16735|2
32217|1
32832|6
11129|1
17361|2
60103|1
11794|8
43040|1
93727|3
15102|4
92868|2
27514|6
02840|5
83701|1
53219|1
95370|1
81525|1
89450|3
63303|2
46184|1
33149|10
44125|1
33173|5
47445|1
65753|1
85224|1
11589|2
12107|3
02169|8
04210|4
49307|1
98366|1
80160|1
36804|2
20905|3
29063|4
15139|2
07934|1
95652|1
70058|1
28032|1
80264|1
98146|1
32962|1
32459|2
59484|1
08092|4
96797|1
08243|1
91784|2
10404|1
54401|1
50703|1
11541|3
87110|3
03223|1
14045|1
19079|1
11310|1
75085|1
04950|2
48267|1
19072|7
91350|4
93551|3
73104|1
26624|1
10300|3
34986|5
06479|2
76188|1
02189|1
38641|1
90723|1
11173|2
94949|3
90640|1
18854|2
60462|2
35223|1
98390|1
98039|1
86001|2
19966|2
11345|4
60160|1
33323|4
18415|5
05451|2
53212|1
30281|4
14083|1
76052|1
80238|3
57069|1
19026|4
19474|1
19021|1
13121|4
91201|2
78732|1
44133|2
05440|2
01266|2
23606|2
13009|1
90278|2
94129|4
10378|1
28704|2
10742|1
05154|1
76502|1
20737|1
60491|1
18067|2
05486|2
72221|1
96701|4
15464|1
22602|3
08232|2
48917|1
16442|1
49423|2
44116|3
16511|1
80012|2
30117|2
70503|1
59602|1
41071|1
32714|2
50265|2
18444|6
28052|1
92064|2
33305|2
13684|5
15228|1
34104|5
13847|1
37939|1
22153|4
55902|1
97132|2
44149|1
11122|2
05477|2
11917|1
95822|1
92025|1
62002|1
19114|2
23872|1
94578|1
28379|2
75165|3
29403|4
03784|2
90008|6
08109|2
23453|2
98028|2
34684|4
45231|1
32411|1
10791|2
38606|1
12849|11
10480|3
32401|1
60040|1
89158|1
19930|2
91208|4
29401|8
19530|1
64081|1
70125|1
17552|3
18640|4
30291|4
92651|5
48146|1
80433|1
38804|1
46168|3
95610|2
03242|3
14163|1
02163|1
92126|3
15717|3
55109|1
80524|1
07504|4
14704|1
08643|1
10951|1
05777|1
95678|1
60026|1
77025|1
55413|3
80910|1
06058|2
10048|1
62549|1
11676|1
19444|3
96754|1
10210|1
03266|1
55117|6
34637|4
68818|1
80004|2
45383|1
63108|1
91901|1
13759|1
11869|1
34223|1
48120|2
90044|1
48331|2
01039|2
01033|1
13651|10
06439|1
12560|2
39401|4
36602|2
59427|1
11276|1
23838|1
48033|2
94545|1
22974|2
12877|1
75146|1
89149|3
35749|1
90005|3
55403|1
61615|1
92604|3
18837|3
48455|1
36582|1
77204|1
46202|4
08035|1
54476|2
23455|2
20895|4
01223|3
33310|1
33616|1
14950|2
98074|3
37015|1
06911|3
98403|1
48641|1
32808|1
62269|1
89128|2
37929|2
37208|3
06401|4
32303|2
34949|1
20466|1
81658|2
46635|1
13093|2
12073|1
24016|1
10539|2
12040|4
11852|1
07402|1
33614|4
75211|2
23181|1
99901|1
92065|3
77072|2
60430|3
60617|1
20879|2
19937|1
29417|1
12965|5
46845|1
49009|3
97438|1
78754|3
55331|1
97219|4
77099|2
98292|2
33613|3
28803|2
91915|1
79424|1
37862|1
53132|1
75010|1
48374|5
30306|2
15469|1
89143|2
22301|4
27408|6
65806|3
60565|2
11049|1
28603|2
28730|1
03561|2
84171|1
12544|1
60181|4
15330|1
45601|2
67230|2
77546|3
85747|2
32806|4
94960|2
45314|1
19565|1
28080|1
02219|1
64701|1
98660|3
27607|2
84032|3
02535|3
28358|1
92603|3
37932|1
10081|1
10015|6
18711|1
14041|2
92067|1
48216|1
95624|3
85043|1
19540|1
98391|2
74820|1
81303|1
07511|1
80305|2
21158|1
09227|1
18078|1
43205|3
12911|2
01364|1
98001|1
18373|1
48446|3
35806|2
83218|1
02155|6
91207|1
14410|5
30043|4
24450|1
55414|2
10408|1
34610|1
13550|2
43148|1
60659|4
00987|1
40511|2
98012|2
89144|5
22180|4
30143|2
32802|1
24538|1
20189|1
12296|1
30325|1
29002|1
21216|1
81623|3
12604|8
14457|1
62959|3
28281|1
15904|1
41011|4
27610|2
00918|1
75252|5
77040|3
36130|2
32224|4
34606|3
63017|4
43028|1
94903|3
18944|2
08825|2
32118|1
22963|1
33786|2
46234|1
45419|1
91303|4
05457|1
80233|1
16041|1
92629|2
68506|1
13919|1
30563|1
85233|1
79902|1
99203|2
01226|2
85541|1
75089|3
12277|1
33158|2
10574|2
11759|4
28280|2
75751|1
84014|1
73107|6
08065|1
98036|1
03253|2
12630|1
12355|2
32097|1
11986|2
90505|3
97504|1
53402|1
07074|8
17257|2
80113|3
92683|3
76119|5
94018|1
51103|1
33972|4
11074|1
58201|1
19520|2
48209|2
13138|5
21217|1
91780|2
15044|5
73701|2
98082|1
77373|1
31905|2
19612|1
07822|7
76051|1
81301|1
62363|1
80231|3
60089|5
92806|3
07802|1
75044|3
10208|2
01733|1
13482|2
02904|3
02113|1
33119|1
32503|3
48309|2
93117|2
30809|4
77447|1
11327|1
89451|2
89703|2
72034|1
84049|2
19029|1
32309|3
77358|1
33991|1
37228|1
29407|4
01077|1
84404|5
44420|1
03860|1
92692|1
01770|3
33097|1
55443|1
80117|1
98310|1
04949|1
83814|2
14479|1
45459|2
53105|1
02382|1
94130|1
45014|2
18037|2
30224|1
46637|1
97006|1
02370|3
66202|2
76247|2
22193|5
21223|2
92176|1
98155|1
30048|1
63040|1
85213|1
67042|1
30028|4
06419|2
60012|1
73102|4
85236|1
90012|8
10893|2
63043|2
75243|3
63366|1
06785|2
94024|3
91750|3
80537|2
84042|2
60660|4
74136|2
21204|4
32308|1
14705|1
10999|1
30094|2
92835|1
60613|5
33443|1
92707|3
44312|2
01588|1
94556|1
08562|1
07933|2
68108|1
13633|1
95826|2
74074|1
28112|1
98056|5
18031|3
27588|1
63049|1
84106|2
07844|1
03079|2
66207|1
84040|2
11190|1
47720|1
90710|1
32780|2
70816|3
04240|1
60021|1
55428|1
02703|2
56001|1
10134|1
32277|1
13692|3
11402|3
46282|1
95521|1
18034|3
44012|1
11305|3
36608|1
48843|1
20032|1
08312|1
20598|1
13698|1
18824|1
14426|1
22026|1
77651|1
08555|1
14413|1
72401|3
13672|5
92519|1
73162|2
10080|3
04538|1
90304|1
16123|1
96789|1
60143|1
04074|1
30215|4
35205|2
47421|1
50322|2
50314|1
78669|1
77578|3
77385|2
93023|3
48390|1
48951|1
29909|2
92530|2
97214|4
47932|1
10654|1
96746|3
33924|1
10490|2
60561|4
70444|1
32548|1
32732|2
18707|1
34446|2
60174|3
10431|1
11347|5
16441|1
20169|2
19448|1
30238|1
49242|1
47546|2
80134|2
90280|2
43025|1
16901|4
38138|1
56304|1
10051|2
37172|1
20832|1
60490|1
12253|3
12235|1
03755|7
18407|2
03077|1
65611|1
19967|1
06268|2
29572|2
89506|1
77011|1
32211|2
55424|2
27407|3
02125|2
21231|5
64801|1
53097|1
33482|2
85739|1
47708|1
13065|1
46217|1
18320|1
30066|4
11046|1
16319|1
34771|4
08204|3
07717|1
10090|6
98038|1
98230|1
90061|2
03044|1
34286|1
02720|1
10341|1
21146|2
94502|1
23233|2
76706|1
19128|1
60118|2
02301|2
43606|2
43021|1
18451|1
16407|1
11511|1
80120|3
17101|4
08557|1
28560|2
29662|2
96002|1
02601|4
34212|3
99567|1
59718|3
07830|4
90808|2
04107|1
10193|1
19714|1
75009|1
85029|1
11927|1
44406|1
01702|4
08534|4
77591|1
12811|2
17529|1
17931|1
10621|1
17754|1
70706|1
45247|2
75935|1
32081|3
34982|2
43812|1
65787|1
85641|1
76109|1
49092|1
11253|3
37919|4
02152|1
80128|2
97224|1
14412|1
94565|1
18403|1
11245|2
40204|2
90240|1
17408|2
15901|1
33074|2
13674|1
33778|1
16746|1
12237|3
05751|2
02464|3
30294|2
94089|2
85701|2
12279|1
35216|1
32159|2
43119|1
68135|1
30260|2
18471|1
03264|1
13737|2
32713|1
37221|1
11632|1
43201|1
79705|2
11639|2
75082|1
14133|1
28054|1
22408|2
92129|1
45322|1
84068|2
44022|1
41051|1
60404|1
06096|2
12005|1
29375|1
49221|1
23192|1
43138|2
12257|1
10961|1
49007|1
70119|4
48208|1
77070|5
48064|1
23901|1
99645|1
19945|1
63130|1
75022|1
67401|1
36535|1
36024|1
02134|5
66502|1
35801|2
68048|1
90302|1
73099|1
18087|2
02119|4
30189|5
05730|1
75052|2
27101|2
14128|1
84062|1
11851|2
91941|2
44090|1
17690|1
28075|3
33051|1
14654|1
76248|2
60162|1
77979|2
28298|1
78738|3
93013|2
13557|1
19463|1
06351|2
50325|2
76012|1
92821|4
34434|1
33488|2
18014|1
10217|1
29016|2
03052|1
15683|1
38115|1
19504|2
94904|5
45230|1
97526|2
75125|1
60069|1
91766|1
49525|5
13401|1
95139|1
06302|1
79605|2
06793|5
23220|1
05254|2
17082|2
27834|1
10376|1
39335|1
38117|1
46304|1
20882|1
17070|2
20733|1
44303|2
85070|1
53081|1
16928|3
37901|1
80235|1
18045|9
00725|1
11872|1
92708|1
11311|1
98507|1
08544|1
19899|3
13005|1
12605|2
60459|1
62711|1
13290|3
10937|1
98027|1
86442|1
33570|2
17339|1
80904|3
08572|1
30152|1
33313|4
58554|1
46628|1
30070|1
01259|1
44053|1
83201|1
85716|1
96819|1
98499|1
79702|1
45036|1
27712|1
49701|1
77429|3
25801|1
54650|2
99362|3
33440|1
10939|1
94798|1
44112|1
02048|4
21213|2
17520|1
89015|2
32266|2
22987|1
76155|3
44308|1
75605|1
80498|1
01775|2
65613|1
60609|2
01913|2
15238|4
53593|2
90895|1
80116|1
17579|2
21120|1
54935|2
36870|1
03303|1
49048|1
01583|4
56011|1
55118|1
96744|3
62418|1
04841|1
95382|3
27030|1
01609|2
18370|3
36302|1
32254|2
98407|1
89109|5
01468|1
20747|1
17011|2
19455|2
15570|1
92102|1
60465|1
72142|1
15963|1
29440|2
07420|1
73848|1
27896|1
14158|1
01263|1
80155|1
16508|4
98116|3
94164|1
13342|5
87532|1
54177|1
33982|1
48377|1
45236|4
11523|2
06060|2
80216|2
04105|4
55347|1
83318|1
15610|1
06607|3
94920|2
18372|1
30093|3
44691|3
11329|2
37075|1
37046|1
92808|2
81224|1
35808|1
66217|1
11037|1
19130|6
68526|1
18346|3
07267|1
98225|1
77598|1
08009|1
92883|2
18324|6
10903|3
48122|1
19342|1
32206|2
97475|1
39532|1
79928|1
21042|3
40522|1
11612|1
11123|2
73013|1
02878|1
21285|1
91381|2
92376|2
92301|1
35238|1
73122|1
95126|2
91610|2
95134|3
78735|2
45242|4
52303|1
11174|1
25704|1
43050|1
48451|1
78676|2
06378|2
16141|1
75048|1
76249|2
47591|1
33896|1
70117|1
85138|1
14752|5
06498|3
23112|3
79709|1
34235|2
06062|3
02476|2
94011|2
53525|1
33403|2
07460|4
68127|1
33033|2
30168|1
17801|3
11313|1
19131|2
17870|3
76018|1
12536|1
27964|1
85021|1
17724|1
27624|1
23434|2
01115|1
07015|2
12769|4
82901|3
10357|1
90620|4
60619|1
73020|1
78728|1
48108|6
75241|1
73703|1
29690|2
10085|1
29715|1
28655|1
90621|3
12233|1
85301|1
34269|1
75220|4
91731|3
14064|1
21222|4
21244|1
14256|1
91051|1
95670|2
18949|1
78725|1
95060|1
02852|13
12364|1
10262|1
95404|1
87122|1
94963|1
21207|2
76099|1
63042|2
72701|1
38028|1
78748|2
90732|1
27844|1
27504|1
52240|1
08402|2
10188|1
34476|2
06856|2
94538|6
81632|1
12100|1
01104|2
01778|3
11259|1
21776|1
92517|1
32750|3
13374|1
33773|2
33468|1
54136|2
10479|2
35043|1
31419|1
61401|1
28110|3
21921|1
67214|1
10361|1
15224|1
85262|3
13330|1
19309|1
37087|1
77255|1
16935|1
15218|1
19056|1
30397|1
10966|1
10403|2
18321|1
19440|3
62226|1
30034|3
01845|4
45373|2
92019|2
91977|1
02790|3
84152|1
17538|1
15066|1
77469|3
66604|1
32771|3
85053|2
44011|3
11537|2
79938|1
53566|1
01001|1
94541|1
78251|1
04217|1
37604|1
08515|2
76240|1
34748|1
01773|1
32547|2
85635|2
14241|1
16506|2
95135|1
14732|1
77015|1
18458|3
85340|1
31166|1
08738|2
33497|1
20777|1
37745|1
10077|1
11910|1
05358|1
19971|2
40508|2
28701|1
12973|2
10683|1
85622|1
17109|3
70801|1
48030|1
10584|1
44128|1
32608|2
11858|1
95363|1
06052|2
89706|3
27512|1
43147|2
01956|1
50702|1
98201|2
45255|2
05744|1
48044|1
55440|1
18327|1
07847|3
18202|2
13664|4
54449|1
16912|1
40356|3
12111|2
56763|1
06585|1
03756|1
21797|3
01257|3
16601|1
07034|2
01879|4
02122|1
07851|1
32501|1
06708|7
82070|1
18829|2
20180|1
13580|7
19031|1
70722|1
74112|1
10559|2
12573|1
78209|2
13051|2
37037|1
37323|1
15056|1
30311|1
33947|1
75040|1
14023|2
11515|1
19025|2
77081|2
01370|2
38703|1
68164|3
10392|2
44241|1
10238|3
48017|1
60139|1
50309|3
04027|1
04330|2
33713|5
89503|1
46206|1
58703|1
01270|1
29624|1
35501|1
83854|1
19924|1
11246|1
83841|1
80906|3
80701|1
15857|2
07089|1
62903|1
23805|1
04103|2
23508|1
60714|1
84770|1
08329|1
96816|1
46582|1
10286|1
97381|1
76504|1
70506|1
28532|1
68134|1
04364|3
84102|2
57719|2
85277|1
90006|3
16020|1
02322|3
85711|2
03103|2
45243|1
04530|1
91326|2
85013|1
85296|2
01908|1
98144|4
19611|2
74119|2
10328|1
33008|1
76086|1
01590|2
54601|1
53006|1
49085|1
11346|1
60466|1
17745|1
66209|1
65203|2
84648|1
19607|2
23188|2
91711|2
45347|1
55426|2
56475|1
14587|1
44901|1
54115|2
95018|1
01561|1
46360|1
76065|2
19142|2
06836|1
78521|1
11303|1
03104|4
29250|1
91206|1
62917|1
68410|1
06412|2
14667|2
77377|2
48165|1
49001|1
80403|1
95962|1
08530|2
74079|1
01450|1
12598|3
95660|1
11197|1
12756|1
67601|3
95118|1
45840|1
14107|6
11073|1
03911|1
67219|1
85305|2
20859|1
20849|1
10935|1
36695|1
15202|1
95148|1
48091|1
11452|1
85008|3
53715|1
75375|1
10840|1
06755|3
18635|1
85706|2
17813|2
54636|1
09128|1
07091|2
12597|1
55305|2
11695|1
48626|1
21236|1
60087|1
08266|1
19095|1
11009|1
08650|1
94361|3
44026|1
11244|2
11095|1
29650|2
15037|1
37405|2
29841|1
94710|4
11539|1
99214|1
42025|1
27103|1
10100|3
28262|5
05260|1
61032|2
16143|1
10723|1
27215|2
30317|1
71301|2
13261|1
77807|1
07301|2
28467|1
13119|5
94704|3
06360|1
25526|1
59027|1
94965|3
28387|3
85345|2
11591|1
11405|1
52317|1
11099|1
11856|1
70941|1
11359|2
92021|2
30010|1
40222|1
28107|1
64110|1
45631|1
91701|1
12354|3
12624|1
32439|1
91205|2
93638|1
28394|1
13341|1
98059|3
12579|1
21210|2
70127|1
15227|1
23114|1
53707|1
21795|1
19506|1
81323|1
01757|1
60448|1
33712|1
19465|1
63114|1
14684|1
40390|1
12227|1
56367|1
14529|1
15276|1
23435|2
94957|1
92590|2
76039|1
34276|1
44830|2
06813|2
22006|1
10375|1
48372|1
53713|1
06372|1
19367|1
60555|3
85044|1
90057|1
80603|1
18706|3
39443|1
83837|1
33705|1
14893|2
78730|4
16833|1
32752|1
60464|1
08106|2
97459|1
77382|4
10416|1
01566|1
66061|2
80477|1
77706|2
10419|1
91104|2
33714|2
11286|1
05404|3
48867|1
78256|1
14766|1
94087|3
92104|1
02896|1
07505|5
80201|2
46201|1
35209|2
97058|1
60438|1
03038|1
45208|1
06467|2
27715|1
32920|1
68503|1
15049|1
91801|1
02810|1
10446|1
04011|1
02632|1
92658|1
10565|1
37135|2
18335|1
18732|1
01564|1
50022|1
46256|2
99502|2
29210|1
29223|1
11057|1
18955|1
27546|1
32779|3
92625|1
35214|1
80542|1
91910|6
31535|1
12271|1
90815|4
06464|1
78750|2
71901|1
73114|2
61820|1
84004|1
04843|1
02072|3
94528|1
75094|2
12256|1
48026|2
15852|1
48237|1
07904|1
84103|3
80923|1
12961|1
33034|1
43228|1
93221|1
20406|1
28306|2
06406|1
30904|1
08260|2
15017|1
10561|1
97031|1
13653|1
57042|1
93109|1
95959|1
48214|2
55408|2
19403|4
91377|1
10138|1
76711|1
32615|2
57501|2
12091|1
64112|3
05443|1
92039|1
12080|1
32733|1
14354|1
19013|3
98133|1
08826|4
43560|2
33858|1
15943|1
97015|3
16434|1
33545|1
13520|1
33803|1
30721|1
43402|2
30315|1
49464|1
64150|6
00791|1
48809|1
28479|1
44452|1
94127|3
86314|2
60502|2
44024|2
10753|1
34988|1
33128|1
63038|2
67114|1
08653|1
52233|1
48356|1
48322|1
17578|1
80921|2
78065|1
12226|1
10435|1
11273|1
75020|2
40591|1
54902|1
22801|1
49117|1
08754|2
62034|1
79710|2
48236|2
93030|1
16743|1
49519|1
12234|1
20848|1
17967|1
11152|1
10905|1
45246|2
85225|2
10277|1
90037|1
77381|1
30265|1
90814|1
37934|4
01901|1
94595|1
27435|3
33413|1
85244|1
44110|1
21701|2
15627|1
04915|1
23218|1
97024|1
78711|2
73103|2
80130|2
29607|3
70802|1
97201|1
87068|1
06752|3
98498|1
45387|1
98902|1
29445|1
85728|1
95691|1
97034|2
27562|2
66223|3
28383|1
06483|2
35802|1
20875|1
11279|2
72205|1
83340|2
06119|2
14096|1
76182|1
02760|1
80132|2
19096|3
98164|1
49010|1
08552|6
16316|1
17887|1
80020|2
11744|1
34682|1
19363|1
11920|1
85007|2
11403|1
73003|1
04005|1
15666|1
97038|1
74114|2
10610|3
39503|1
94939|2
16930|2
16501|2
08085|4
59840|1
15146|3
98662|1
64050|1
11498|1
21133|2
56101|1
92844|1
76010|2
95798|1
15232|1
21102|1
28348|1
15060|1
35578|2
20833|1
48313|1
48342|1
32504|2
68521|1
93308|1
93309|2
21225|1
95821|1
93015|1
91331|1
39440|2
95829|1
27596|1
33534|1
39426|1
06254|1
95991|1
97403|1
35810|1
78059|1
79118|1
75224|2
35903|1
28745|1
00902|1
17360|1
49306|1
92082|2
15650|1
32712|2
48073|1
01923|2
85201|2
92507|1
95131|3
78550|1
93546|1
15216|1
54494|1
35640|1
72913|1
92882|1
30042|1
77575|1
30019|3
19362|1
94602|1
37876|1
20781|1
55359|1
31714|1
55042|1
14653|1
35218|1
57201|2
03865|2
04614|1
98801|1
07976|1
08560|1
90263|1
83642|2
15035|1
00968|1
04578|1
45431|1
46034|1
44382|1
18910|1
16732|1
27263|1
98683|1
10360|1
91411|2
49507|1
55420|1
12081|1
43230|2
35253|1
11289|1
44141|10
48221|1
56308|1
31792|1
08070|1
49508|1
44667|2
12088|1
17527|1
33860|1
01864|1
14584|1
32114|2
94002|4
76259|1
45315|1
46124|1
13443|1
72202|2
80813|1
73134|2
29801|2
05346|1
93657|1
34652|2
33579|2
90294|2
01821|1
20913|1
17860|1
10697|1
11462|1
38555|2
95355|1
85249|2
77346|2
12241|1
64114|3
13814|2
06786|1
28776|2
98281|1
11041|1
30548|1
98223|1
20112|2
44072|1
02121|1
94609|2
78767|1
33189|1
93950|1
90084|1
97267|1
97239|2
46711|1
22199|1
21740|3
02128|2
17038|1
93722|2
21221|2
23832|2
23350|1
17201|2
95742|1
84109|1
95010|1
62025|1
13429|1
13404|1
68118|1
03086|2
62756|2
07863|1
77303|1
73034|1
46809|1
14524|1
15553|1
89074|5
46680|1
27608|1
37377|1
98073|1
12012|1
28526|1
90715|1
39206|2
49256|1
92567|1
23227|1
93703|1
51503|1
32726|1
27870|1
91911|2
39180|2
39423|1
97078|2
17214|1
36092|1
39571|1
87105|1
33184|1
97003|1
27312|1
93705|1
90650|2
43223|1
36532|1
38111|1
66224|1
39577|1
35080|1
76148|1
64640|1
11117|1
91768|1
22025|2
35217|2
92084|1
48238|2
39169|1
39307|1
96080|1
94806|2
35208|1
97302|1
27243|1
33032|1
34769|2
93277|1
38659|1
85365|1
95820|1
75703|1
27909|1
46082|1
01061|1
33567|2
60002|1
43246|1
21162|1
17102|1
14677|1
68310|1
29303|1
77054|2
67212|1
31201|3
08090|1
12562|1
03458|1
45212|1
80002|1
31324|1
33880|1
37615|1
66046|2
33755|1
60707|1
24014|1
76642|1
22205|2
84009|1
90406|1
85075|1
76682|1
65109|2
16345|2
12530|5
98282|1
55115|1
01585|1
83404|2
62016|1
35064|1
63104|2
48174|1
36116|1
39120|1
28630|1
28625|1
91729|1
80425|1
29018|1
31907|1
55114|1
15236|1
33196|1
30180|2
12335|1
67211|1
20872|1
98117|2
11995|1
10321|2
90220|1
06127|2
77304|1
33510|1
98642|2
76104|2
27105|1
92646|1
11272|2
01225|2
13377|1
91798|1
34669|1
15244|1
60653|1
64148|1
30304|1
28451|2
80443|1
34788|1
63123|3
51104|1
14863|3
96753|2
27865|1
73072|1
21229|1
35758|1
81226|1
52403|1
83617|1
37807|1
22601|1
95765|2
01301|4
16406|1
46143|1
11054|1
14650|4
92007|1
60637|2
01459|1
18507|1
44436|1
31804|1
41101|1
03051|1
58102|1
33608|1
11492|1
11312|2
33222|1
75235|1
43351|1
17756|1
30680|1
02635|1
50266|3
94017|1
10492|1
94028|1
19133|2
15360|1
78628|2
44481|1
28297|1
01007|2
10114|3
15223|1
63125|1
12114|1
47331|1
45245|1
32568|1
85042|2
06064|1
37801|1
60030|4
31126|1
33010|1
19507|1
16117|1
73118|1
91935|1
01570|1
40212|1
06029|2
82007|1
20653|1
49426|1
80031|3
98406|1
93612|1
78720|1
45805|1
60471|1
32117|1
84065|1
23666|1
85014|3
92679|2
15550|1
60137|1
23238|1
11540|1
48439|1
37166|1
31024|2
54941|1
34607|2
04426|1
01053|1
49202|1
18439|2
11438|1
32778|1
29640|1
06759|2
70598|1
80909|2
08631|1
20722|2
13834|1
44278|1
77023|1
15022|1
21031|2
34974|1
14570|1
66002|1
53146|1
08061|1
06118|1
06417|1
56751|1
18472|1
71201|1
61036|1
95403|3
76180|1
13353|1
32536|1
08302|1
98901|1
34944|1
20827|1
66085|2
90720|2
78248|1
13906|1
08201|2
03820|3
32776|3
07710|1
96712|1
95150|1
33073|2
01503|1
15612|1
32931|2
71055|1
30506|3
40217|1
21131|1
82401|1
49548|1
97225|1
78751|1
14290|1
22942|1
76140|1
14430|2
27420|1
97266|1
20886|1
85004|4
16059|1
14071|1
44062|1
00901|2
89122|3
46239|1
48124|1
85226|2
01469|1
33715|1
47933|1
21625|1
32068|1
39635|1
37804|1
07207|1
28125|1
97217|3
35650|1
15522|1
11667|1
32004|1
11672|1
58078|1
50323|1
54701|1
10700|1
77406|1
60639|1
19077|2
27006|2
02830|2
40067|1
92386|1
10895|1
30236|1
11320|1
27893|1
08244|1
96708|1
32065|1
97702|1
55378|1
02540|1
10569|2
08752|1
06011|1
20136|1
53226|1
72716|2
07903|1
28546|2
20613|1
19111|2
46260|1
28721|1
15845|1
03896|1
22044|1
55802|1
34756|1
01103|1
33707|1
06881|1
92411|1
03042|1
70003|1
44041|1
17113|1
93953|1
32738|1
20456|1
33953|1
32856|2
21737|1
20018|2
91792|1
97007|1
68131|1
17810|1
01960|2
72947|1
79070|1
05039|2
83702|3
85308|2
19127|3
95003|1
19431|1
76702|1
16314|1
63801|1
15209|1
46064|1
38177|1
35126|1
12596|1
27627|1
30622|1
33142|1
75559|1
49534|1
80634|1
35226|1
92346|1
27332|1
11844|1
27501|1
44606|1
10433|1
30529|1
33168|1
19057|1
93036|1
90041|2
29526|1
10534|1
29902|1
90731|1
22032|2
46268|1
48329|1
31799|1
71913|2
84015|1
77402|1
18641|2
99517|1
23063|1
66762|1
06601|2
83835|1
98010|1
30542|2
33804|1
90018|1
85028|3
33513|1
28056|1
94507|1
19086|1
19150|1
29680|1
16137|1
98277|1
24503|1
19512|1
89017|1
94603|1
83025|2
08029|1
48234|1
78504|2
24541|1
17562|1
10423|2
44050|1
85122|1
29626|2
48178|1
13965|1
21613|1
64064|1
06779|1
04110|1
11065|1
86336|2
12591|1
60107|1
20584|1
18832|1
18437|2
06226|1
13614|1
33116|1
27617|1
18069|1
26444|1
33573|2
20198|1
43023|1
55068|1
17731|1
06057|1
63128|1
27302|1
20740|1
92120|1
97333|1
96097|1
01464|1
07763|1
46340|1
33711|2
30903|1
03466|1
13151|1
83333|1
30355|1
27244|1
92587|1
27217|1
27830|2
47906|1
34479|1
14288|2
57350|1
13604|1
34953|2
46033|2
18925|1
12374|2
49301|1
72212|1
37841|1
83301|1
89115|1
33980|1
32829|2
15801|1
19052|1
03844|1
44708|2
01534|1
55016|1
93933|1
79764|1
12141|1
73106|1
40203|2
89519|1
75002|2
27405|1
02655|1
98070|1
94954|1
76906|1
44286|1
98087|2
29575|1
13307|1
60630|1
10270|4
92628|1
85547|1
11154|1
44274|1
76450|1
73739|1
27949|3
70360|1
77073|1
60608|2
07858|1
45417|1
48060|1
01571|1
64804|1
39301|2
30336|2
19437|1
10410|1
20785|1
73112|2
11919|1
60098|1
04473|2
85034|1
13975|1
44095|1
64131|1
37129|1
63144|1
38018|2
92652|1
48336|1
75103|1
46123|1
90804|1
71292|1
05156|1
03904|1
43551|2
78259|1
47250|1
15722|1
14260|5
52803|1
02209|1
92404|1
11179|1
67901|1
43086|1
30677|3
07635|1
93721|1
53185|1
12071|1
17576|1
29014|1
32207|1
39130|1
03843|1
12854|1
48114|1
84664|1
48206|1
46772|1
08504|2
29585|2
33572|1
22150|1
12445|1
76050|1
30348|1
94506|1
01809|1
55410|1
83713|1
75056|1
74133|1
54484|1
21226|2
84124|2
81428|1
15534|1
70508|1
28408|1
30302|1
47407|1
14657|1
20837|1
03574|2
23669|2
74014|1
39666|1
24153|1
02188|1
81101|1
15358|1
19040|1
27402|1
11404|1
81503|1
02093|1
10428|1
10690|1
91739|1
55369|2
48895|1
91413|1
17313|1
32953|2
21090|3
66215|2
78215|1
92119|1
61259|1
08533|1
64082|1
55330|2
12403|1
55337|1
14455|1
47712|1
10499|1
28805|1
14488|2
97442|1
23662|1
98312|1
19764|1
24348|1
54986|1
14857|1
19903|1
32814|1
60656|1
37620|1
02648|1
12133|1
68505|1
42123|1
37042|1
91306|2
95159|1
89510|1
78257|1
78502|1
70072|1
29482|1
68510|1
34210|2
17857|1
11142|1
52002|1
03045|1
64015|1
61866|1
17555|1
31793|1
75071|2
29048|1
98065|1
91942|2
86303|1
05905|1
84114|1
82520|2
89011|1
66208|2
55057|1
10718|1
11333|2
32628|1
28906|1
65343|1
59802|1
96743|1
48413|1
93285|1
11056|1
75403|1
79101|1
78610|1
44103|2
08031|1
93442|1
87031|1
91343|2
52573|1
48864|1
80907|1
50677|1
44004|1
87507|1
37601|1
02763|1
35631|1
02364|1
16828|1
40004|1
31119|1
91118|1
32550|2
76105|1
43617|1
60549|1
33359|1
60477|3
33772|1
12488|1
78620|1
29202|1
20043|1
19950|1
48043|1
63755|1
95482|1
49283|1
44105|1
28134|2
46781|1
46989|1
13508|1
85750|1
60827|1
12707|1
35811|1
08342|1
04856|1
06852|1
60411|2
14537|1
71273|1
10335|1
78240|1
14429|1
64683|1
18634|2
08883|1
55435|2
98198|1
90249|1
18341|1
18450|1
61853|1
95444|1
41459|1
20035|1
22630|1
82836|1
33187|1
91616|1
32577|1
48314|1
30605|2
11014|2
37916|1
58701|1
73521|1
06016|1
49930|1
10793|1
00727|1
92620|2
93463|1
55346|1
33993|1
62353|1
39211|1
78382|1
12499|1
02359|2
13686|1
33559|1
02124|1
37909|1
20646|1
10644|1
21624|1
46321|1
12772|1
02131|1
84105|1
96826|1
55415|1
24504|1
64133|1
43408|1
31620|1
73116|1
32141|1
17842|1
47162|1
11107|1
76273|1
48205|1
15686|1
11638|1
04102|1
93032|1
46815|1
01904|1
72956|1
97754|1
23129|1
57401|1
95831|1
48442|1
27814|1
75098|1
17105|1
32225|1
48502|2
32960|1
91426|1
14104|1
14501|1
18846|1
10420|1
23225|1
49265|1
48450|1
40206|1
45883|1
20020|1
04987|1
03781|1
02901|1
16608|1
28314|1
10745|1
17068|1
19136|2
22308|1
06247|1
44685|1
35232|1
20132|1
61362|1
94979|1
55356|1
59752|1
28460|1
93924|1
46803|1
11921|1
27948|1
13609|1
94042|1
92078|1
25428|1
29037|1
48035|1
36693|1
07673|1
08802|1
94928|1
46205|1
66053|1
98632|1
89110|1
19566|1
94580|1
47172|1
34450|1
12161|1
17963|1
33780|1
43604|1
27301|1
27106|1
27524|1
02117|1
31521|1
18352|1
47404|2
12971|1
14577|1
18036|1
30268|1
30286|1
08230|1
16727|1
78570|1
32812|1
76701|1
60559|1
76207|1
85069|1
74011|1
77003|1
53220|1
07622|1
78279|2
10363|1
76522|1
33566|1
83704|1
91763|1
17720|1
55129|1
38063|1
18630|1
30742|1
74137|1
11467|1
01862|1
92166|1
18610|2
11460|1
34778|1
12255|1
77536|1
11484|1
80003|1
06403|1
94801|1
45226|1
10947|1
55060|1
80138|1
53511|1
06791|1
37421|1
77375|1
01985|1
13058|1
13510|1
59634|1
25601|1
06440|1
24422|1
19001|1
18417|1
11593|1
94513|1
11097|1
33016|1
75228|1
56369|1
46311|1
54901|1
19065|1
45701|1
31322|1
33767|1
84119|1
43232|1
05143|1
06281|1
70804|1
98375|1
70006|1
46065|2
08721|1
79772|1
05152|1
84780|1
43224|1
44224|2
38474|1
98009|1
20769|1
67205|1
44730|1
32790|1
30113|1
93534|1
16731|1
48220|1
23608|1
45011|1
84093|2
11200|1
80829|1
02205|1
97056|1
02701|1
14679|1
95330|1
60176|1
30350|1
16426|1
97524|1
31816|1
20152|1
87125|1
03276|1
29550|1
94023|1
70571|1
97378|1
01536|1
48933|2
91042|1
21139|1
17929|1
12690|1
19405|1
32168|1
27958|1
98682|1
01030|1
80920|1
30517|1
36571|1
12312|1
91775|1
10079|1
23701|1
33448|1
84096|1
30313|1
18326|1
11681|1
14250|1
11584|1
55108|1
96734|1
40503|1
40324|1
03234|1
25323|1
17015|1
75203|1
83014|1
91522|1
57106|1
13018|1
64083|1
00022|1
69371|1
21082|1
89180|1
01615|1
92307|1
95838|1
49022|1
17740|1
18830|1
10227|1
87502|1
05757|1
60440|1
15380|1
40831|1
07946|1
43064|1
30035|1
20690|1
60625|1
28557|1
44646|1
66205|1
01568|1
02809|1
37403|2
16051|1
29693|1
85209|1
08559|1
48347|1
60061|1
98199|1
92619|1
31410|1
92865|1
14166|1
08553|1
06137|1
92832|1
10637|1
87402|1
63124|1
49056|1
14165|1
59834|1
87499|1
28782|1
05677|1
08899|1
98264|1
03257|1
38104|1
00970|1
28301|1
11605|1
91733|1
43611|1
27262|1
37086|1
08098|1
48301|1
92662|1
13008|1
33082|1
43229|1
85714|1
74464|1
60099|1
11332|1
81211|1
12796|1
01531|1
21050|1
13749|1
35235|1
31525|1
47150|1
24592|1
55449|1
80014|1
01403|1
15126|1
17752|1
01232|1
99709|1
01083|1
11308|1
10359|1
75209|1
44126|1
01907|1
90213|1
33481|1
34471|1
85050|1
44101|1
93006|1
95683|1
11407|1
11878|1
17224|1
53203|1
08821|1
14508|1
05732|1
85743|1
80239|1
32763|1
32607|1
54212|1
11603|1
83274|1
